Time, Value
13:30:53, 82
13:30:53, 75
13:30:53, 80
13:30:53, 82
13:30:53, 75
13:30:53, 70
13:30:53, 55
13:30:53, 43
13:30:53, 40
13:30:53, 36
13:30:53, 37
13:30:53, 53
13:30:53, 70
13:30:53, 66
13:30:53, 45
13:30:53, 28
13:30:53, 17
13:30:53, 24
13:30:53, 45
13:30:53, 54
13:30:53, 41
13:30:53, 22
13:30:53, 10
13:30:53, -3
13:30:53, -12
13:30:53, -12
13:30:53, -7
13:30:53, 4
13:30:53, 11
13:30:53, 9
13:30:53, 4
13:30:53, -5
13:30:53, -4
13:30:53, 16
13:30:53, 43
13:30:53, 84
13:30:53, 128
13:30:53, 148
13:30:53, 141
13:30:53, 137
13:30:53, 123
13:30:53, 101
13:30:53, 90
13:30:53, 104
13:30:53, 114
13:30:53, 108
13:30:53, 99
13:30:53, 85
13:30:53, 74
13:30:53, 71
13:30:53, 60
13:30:53, 42
13:30:53, 27
13:30:53, 7
13:30:53, -12
13:30:53, -13
13:30:53, -1
13:30:53, -5
13:30:53, -18
13:30:53, -24
13:30:53, -40
13:30:53, -73
13:30:53, -94
13:30:53, -62
13:30:53, 6
13:30:53, 67
13:30:53, 83
13:30:53, 65
13:30:53, 44
13:30:53, 48
13:30:53, 49
13:30:53, 39
13:30:53, 28
13:30:53, 22
13:30:53, 24
13:30:53, 34
13:30:53, 50
13:30:53, 52
13:30:53, 39
13:30:53, 34
13:30:53, 43
13:30:53, 54
13:30:53, 67
13:30:53, 81
13:30:53, 72
13:30:53, 28
13:30:53, 1
13:30:53, 34
13:30:53, 104
13:30:53, 149
13:30:53, 150
13:30:53, 140
13:30:53, 147
13:30:53, 157
13:30:53, 146
13:30:53, 98
13:30:53, 52
13:30:53, 28
13:30:53, 10
13:30:53, -2
13:30:53, 12
13:30:53, 36
13:30:53, 26
13:30:53, 10
13:30:53, 4
13:30:53, 18
13:30:53, 37
13:30:53, 38
13:30:53, 23
13:30:53, 10
13:30:53, 18
13:30:53, 22
13:30:53, 2
13:30:53, -17
13:30:53, -9
13:30:53, -1
13:30:53, -33
13:30:53, -60
13:30:53, -46
13:30:53, 2
13:30:53, 52
13:30:53, 76
13:30:53, 67
13:30:53, 48
13:30:53, 56
13:30:53, 100
13:30:53, 121
13:30:53, 87
13:30:53, 40
13:30:53, 43
13:30:53, 74
13:30:53, 81
13:30:53, 44
13:30:53, 2
13:30:53, -5
13:30:53, 4
13:30:53, 12
13:30:53, 44
13:30:53, 81
13:30:53, 87
13:30:53, 64
13:30:53, 25
13:30:53, -1
13:30:53, -6
13:30:53, 17
13:30:53, 44
13:30:53, 49
13:30:53, 34
13:30:53, 26
13:30:53, 23
13:30:53, 19
13:30:53, 12
13:30:53, 26
13:30:53, 32
13:30:53, 28
13:30:53, 55
13:30:53, 76
13:30:53, 72
13:30:53, 53
13:30:53, 42
13:30:53, 42
13:30:53, 49
13:30:53, 56
13:30:53, 53
13:30:53, 55
13:30:53, 82
13:30:54, 113
13:30:54, 122
13:30:54, 114
13:30:54, 97
13:30:54, 84
13:30:54, 84
13:30:54, 85
13:30:54, 74
13:30:54, 54
13:30:54, 24
13:30:54, 4
13:30:54, 0
13:30:54, -4
13:30:54, -7
13:30:54, -17
13:30:54, -25
13:30:54, -40
13:30:54, -57
13:30:54, -67
13:30:54, -38
13:30:54, 19
13:30:54, 74
13:30:54, 84
13:30:54, 52
13:30:54, 28
13:30:54, 44
13:30:54, 81
13:30:54, 91
13:30:54, 66
13:30:54, 36
13:30:54, 32
13:30:54, 32
13:30:54, 13
13:30:54, 6
13:30:54, 35
13:30:54, 72
13:30:54, 88
13:30:54, 86
13:30:54, 82
13:30:54, 70
13:30:54, 50
13:30:54, 22
13:30:54, -8
13:30:54, -17
13:30:54, 1
13:30:54, 18
13:30:54, 32
13:30:54, 41
13:30:54, 45
13:30:54, 45
13:30:54, 53
13:30:54, 71
13:30:54, 86
13:30:54, 81
13:30:54, 67
13:30:54, 60
13:30:54, 66
13:30:54, 66
13:30:54, 55
13:30:54, 44
13:30:54, 34
13:30:54, 17
13:30:54, 6
13:30:54, 20
13:30:54, 51
13:30:54, 72
13:30:54, 72
13:30:54, 66
13:30:54, 55
13:30:54, 25
13:30:54, 2
13:30:54, 12
13:30:54, 49
13:30:54, 71
13:30:54, 68
13:30:54, 50
13:30:54, 34
13:30:54, 40
13:30:54, 66
13:30:54, 74
13:30:54, 67
13:30:54, 66
13:30:54, 66
13:30:54, 53
13:30:54, 34
13:30:54, 9
13:30:54, 4
13:30:54, 37
13:30:54, 88
13:30:54, 128
13:30:54, 130
13:30:54, 103
13:30:54, 72
13:30:54, 65
13:30:54, 67
13:30:54, 61
13:30:54, 52
13:30:54, 27
13:30:54, 2
13:30:54, -5
13:30:54, 9
13:30:54, 32
13:30:54, 41
13:30:54, 39
13:30:54, 40
13:30:54, 43
13:30:54, 38
13:30:54, 13
13:30:54, -1
13:30:54, 10
13:30:54, 24
13:30:54, 16
13:30:54, -4
13:30:54, -19
13:30:54, -22
13:30:54, -9
13:30:54, 17
13:30:54, 26
13:30:54, 28
13:30:54, 27
13:30:54, 23
13:30:54, 19
13:30:54, 21
13:30:54, 27
13:30:54, 29
13:30:54, 32
13:30:54, 28
13:30:54, 37
13:30:54, 60
13:30:54, 66
13:30:54, 39
13:30:54, 20
13:30:54, 33
13:30:54, 56
13:30:54, 64
13:30:54, 48
13:30:54, 22
13:30:54, 1
13:30:54, -17
13:30:54, -25
13:30:54, 0
13:30:54, 43
13:30:54, 72
13:30:54, 83
13:30:54, 86
13:30:54, 85
13:30:54, 91
13:30:54, 105
13:30:54, 108
13:30:54, 99
13:30:54, 96
13:30:54, 100
13:30:54, 91
13:30:54, 80
13:30:54, 75
13:30:54, 83
13:30:54, 87
13:30:54, 89
13:30:54, 90
13:30:54, 75
13:30:54, 70
13:30:54, 84
13:30:54, 84
13:30:54, 65
13:30:54, 41
13:30:54, 40
13:30:54, 58
13:30:54, 83
13:30:54, 99
13:30:54, 92
13:30:54, 74
13:30:54, 72
13:30:54, 82
13:30:54, 74
13:30:54, 53
13:30:54, 39
13:30:54, 48
13:30:54, 65
13:30:54, 70
13:30:54, 65
13:30:54, 42
13:30:54, 21
13:30:54, 6
13:30:54, 1
13:30:54, 12
13:30:54, 34
13:30:54, 43
13:30:54, 37
13:30:54, 34
13:30:54, 25
13:30:54, 20
13:30:54, 34
13:30:54, 44
13:30:54, 36
13:30:54, 5
13:30:54, -10
13:30:54, -11
13:30:54, -8
13:30:54, -5
13:30:54, -2
13:30:54, 8
13:30:54, 26
13:30:54, 42
13:30:54, 48
13:30:54, 44
13:30:54, 37
13:30:54, 37
13:30:54, 54
13:30:54, 61
13:30:54, 42
13:30:54, 12
13:30:54, 1
13:30:54, 12
13:30:54, 24
13:30:54, 12
13:30:54, 1
13:30:54, 7
13:30:54, 24
13:30:54, 25
13:30:54, 19
13:30:54, 21
13:30:54, 45
13:30:54, 64
13:30:54, 48
13:30:54, 18
13:30:54, 11
13:30:54, 7
13:30:54, 4
13:30:54, 21
13:30:54, 53
13:30:54, 69
13:30:54, 64
13:30:54, 42
13:30:54, 25
13:30:54, 16
13:30:54, 18
13:30:54, 32
13:30:54, 39
13:30:54, 25
13:30:54, 20
13:30:54, 29
13:30:54, 42
13:30:54, 48
13:30:54, 40
13:30:54, 21
13:30:54, 0
13:30:54, -9
13:30:54, 5
13:30:54, 16
13:30:54, 0
13:30:54, -11
13:30:54, -14
13:30:54, -9
13:30:54, -2
13:30:54, -6
13:30:54, -6
13:30:54, 6
13:30:54, 23
13:30:54, 33
13:30:54, 21
13:30:54, 12
13:30:54, 26
13:30:54, 50
13:30:54, 73
13:30:54, 96
13:30:54, 99
13:30:54, 89
13:30:54, 82
13:30:54, 74
13:30:54, 55
13:30:54, 34
13:30:54, 21
13:30:54, 22
13:30:54, 43
13:30:54, 69
13:30:54, 89
13:30:54, 115
13:30:54, 116
13:30:54, 100
13:30:54, 83
13:30:54, 75
13:30:54, 83
13:30:54, 73
13:30:54, 58
13:30:54, 50
13:30:54, 29
13:30:54, 12
13:30:54, 17
13:30:54, 37
13:30:54, 54
13:30:54, 59
13:30:54, 81
13:30:54, 112
13:30:54, 130
13:30:54, 121
13:30:54, 99
13:30:54, 72
13:30:54, 58
13:30:54, 66
13:30:54, 82
13:30:54, 90
13:30:54, 92
13:30:54, 72
13:30:54, 38
13:30:54, 8
13:30:54, 8
13:30:54, 25
13:30:54, 41
13:30:54, 45
13:30:54, 48
13:30:54, 28
13:30:54, 1
13:30:54, -3
13:30:54, 9
13:30:54, 11
13:30:54, 8
13:30:54, 22
13:30:54, 37
13:30:54, 43
13:30:54, 48
13:30:54, 44
13:30:54, 48
13:30:54, 52
13:30:54, 25
13:30:54, -13
13:30:54, -35
13:30:54, -24
13:30:54, -9
13:30:54, 8
13:30:54, 18
13:30:54, 12
13:30:54, -3
13:30:54, -8
13:30:54, 24
13:30:54, 67
13:30:54, 83
13:30:54, 72
13:30:54, 49
13:30:54, 20
13:30:54, 11
13:30:54, 29
13:30:54, 51
13:30:54, 53
13:30:54, 39
13:30:54, 18
13:30:54, 4
13:30:54, 10
13:30:54, 18
13:30:54, 19
13:30:54, 11
13:30:54, 8
13:30:54, 18
13:30:54, 43
13:30:54, 70
13:30:54, 73
13:30:54, 56
13:30:54, 35
13:30:54, 17
13:30:54, 4
13:30:54, 16
13:30:54, 45
13:30:54, 65
13:30:54, 59
13:30:54, 56
13:30:54, 54
13:30:54, 49
13:30:54, 45
13:30:54, 40
13:30:54, 21
13:30:54, 7
13:30:54, 11
13:30:54, 21
13:30:54, 26
13:30:54, 34
13:30:54, 33
13:30:54, 41
13:30:54, 64
13:30:54, 83
13:30:54, 80
13:30:54, 56
13:30:54, 36
13:30:54, 28
13:30:54, 42
13:30:54, 64
13:30:54, 70
13:30:54, 68
13:30:54, 64
13:30:54, 65
13:30:54, 71
13:30:54, 74
13:30:54, 74
13:30:54, 65
13:30:54, 48
13:30:54, 33
13:30:54, 39
13:30:54, 55
13:30:54, 59
13:30:54, 59
13:30:54, 65
13:30:54, 64
13:30:54, 48
13:30:54, 39
13:30:54, 53
13:30:54, 68
13:30:54, 84
13:30:54, 83
13:30:54, 61
13:30:54, 41
13:30:54, 23
13:30:54, 12
13:30:54, 26
13:30:54, 58
13:30:54, 70
13:30:54, 48
13:30:54, 17
13:30:54, 6
13:30:54, 2
13:30:54, -1
13:30:54, 12
13:30:54, 34
13:30:54, 35
13:30:54, 24
13:30:54, 21
13:30:54, 24
13:30:54, 32
13:30:54, 36
13:30:54, 45
13:30:54, 57
13:30:54, 54
13:30:54, 41
13:30:54, 34
13:30:54, 37
13:30:54, 53
13:30:54, 57
13:30:54, 36
13:30:54, 12
13:30:54, 12
13:30:54, 38
13:30:54, 76
13:30:54, 108
13:30:54, 117
13:30:54, 96
13:30:54, 65
13:30:54, 51
13:30:54, 50
13:30:54, 40
13:30:54, 35
13:30:54, 34
13:30:54, 19
13:30:54, 4
13:30:54, 4
13:30:54, 9
13:30:54, 32
13:30:54, 68
13:30:54, 105
13:30:54, 124
13:30:54, 131
13:30:54, 121
13:30:54, 91
13:30:54, 69
13:30:54, 66
13:30:54, 60
13:30:54, 49
13:30:54, 33
13:30:54, 25
13:30:54, 24
13:30:54, 26
13:30:54, 24
13:30:54, 35
13:30:54, 57
13:30:54, 77
13:30:54, 73
13:30:54, 49
13:30:54, 37
13:30:54, 43
13:30:54, 55
13:30:54, 53
13:30:54, 45
13:30:54, 36
13:30:54, 21
13:30:54, 1
13:30:54, -9
13:30:54, -9
13:30:54, -3
13:30:54, 3
13:30:54, 18
13:30:54, 34
13:30:54, 43
13:30:54, 52
13:30:54, 61
13:30:54, 65
13:30:54, 58
13:30:54, 43
13:30:54, 22
13:30:54, 8
13:30:54, 17
13:30:54, 23
13:30:54, 21
13:30:54, 33
13:30:54, 44
13:30:54, 39
13:30:54, 28
13:30:54, 26
13:30:54, 40
13:30:54, 60
13:30:54, 85
13:30:54, 91
13:30:54, 82
13:30:54, 58
13:30:54, 36
13:30:55, 17
13:30:55, 10
13:30:55, 9
13:30:55, -3
13:30:55, -10
13:30:55, 6
13:30:55, 23
13:30:55, 28
13:30:55, 34
13:30:55, 37
13:30:55, 38
13:30:55, 35
13:30:55, 18
13:30:55, 8
13:30:55, 17
13:30:55, 32
13:30:55, 41
13:30:55, 44
13:30:55, 54
13:30:55, 74
13:30:55, 97
13:30:55, 107
13:30:55, 104
13:30:55, 86
13:30:55, 55
13:30:55, 23
13:30:55, 13
13:30:55, 24
13:30:55, 28
13:30:55, 27
13:30:55, 33
13:30:55, 58
13:30:55, 82
13:30:55, 83
13:30:55, 72
13:30:55, 65
13:30:55, 66
13:30:55, 74
13:30:55, 84
13:30:55, 66
13:30:55, 26
13:30:55, 5
13:30:55, 10
13:30:55, 10
13:30:55, 8
13:30:55, 18
13:30:55, 39
13:30:55, 48
13:30:55, 40
13:30:55, 45
13:30:55, 64
13:30:55, 65
13:30:55, 55
13:30:55, 39
13:30:55, 20
13:30:55, 16
13:30:55, 41
13:30:55, 67
13:30:55, 65
13:30:55, 54
13:30:55, 43
13:30:55, 38
13:30:55, 37
13:30:55, 39
13:30:55, 41
13:30:55, 57
13:30:55, 68
13:30:55, 55
13:30:55, 26
13:30:55, 4
13:30:55, 10
13:30:55, 38
13:30:55, 58
13:30:55, 50
13:30:55, 24
13:30:55, 26
13:30:55, 54
13:30:55, 64
13:30:55, 48
13:30:55, 37
13:30:55, 32
13:30:55, 25
13:30:55, 24
13:30:55, 20
13:30:55, -7
13:30:55, -54
13:30:55, -101
13:30:55, -150
13:30:55, -167
13:30:55, -113
13:30:55, 2
13:30:55, 71
13:30:55, 64
13:30:55, 37
13:30:55, 53
13:30:55, 91
13:30:55, 101
13:30:55, 76
13:30:55, 66
13:30:55, 74
13:30:55, 69
13:30:55, 43
13:30:55, 21
13:30:55, 18
13:30:55, 37
13:30:55, 40
13:30:55, 21
13:30:55, 4
13:30:55, 10
13:30:55, 21
13:30:55, 17
13:30:55, 1
13:30:55, -6
13:30:55, 3
13:30:55, 8
13:30:55, 22
13:30:55, 37
13:30:55, 32
13:30:55, 12
13:30:55, 4
13:30:55, 1
13:30:55, 9
13:30:55, 2
13:30:55, -19
13:30:55, -25
13:30:55, -20
13:30:55, -13
13:30:55, -5
13:30:55, 4
13:30:55, 7
13:30:55, 13
13:30:55, 41
13:30:55, 82
13:30:55, 106
13:30:55, 97
13:30:55, 68
13:30:55, 59
13:30:55, 81
13:30:55, 114
13:30:55, 130
13:30:55, 117
13:30:55, 84
13:30:55, 58
13:30:55, 54
13:30:55, 64
13:30:55, 71
13:30:55, 59
13:30:55, 42
13:30:55, 28
13:30:55, 19
13:30:55, 19
13:30:55, 32
13:30:55, 49
13:30:55, 52
13:30:55, 41
13:30:55, 33
13:30:55, 35
13:30:55, 43
13:30:55, 57
13:30:55, 57
13:30:55, 35
13:30:55, 20
13:30:55, 27
13:30:55, 53
13:30:55, 66
13:30:55, 57
13:30:55, 54
13:30:55, 51
13:30:55, 39
13:30:55, 34
13:30:55, 40
13:30:55, 53
13:30:55, 58
13:30:55, 58
13:30:55, 57
13:30:55, 71
13:30:55, 86
13:30:55, 87
13:30:55, 67
13:30:55, 43
13:30:55, 35
13:30:55, 38
13:30:55, 41
13:30:55, 38
13:30:55, 39
13:30:55, 50
13:30:55, 49
13:30:55, 49
13:30:55, 58
13:30:55, 76
13:30:55, 100
13:30:55, 108
13:30:55, 91
13:30:55, 82
13:30:55, 88
13:30:55, 100
13:30:55, 107
13:30:55, 106
13:30:55, 98
13:30:55, 77
13:30:55, 56
13:30:55, 49
13:30:55, 52
13:30:55, 65
13:30:55, 75
13:30:55, 76
13:30:55, 70
13:30:55, 68
13:30:55, 71
13:30:55, 80
13:30:55, 72
13:30:55, 49
13:30:55, 44
13:30:55, 73
13:30:55, 100
13:30:55, 101
13:30:55, 82
13:30:55, 58
13:30:55, 44
13:30:55, 42
13:30:55, 57
13:30:55, 74
13:30:55, 76
13:30:55, 61
13:30:55, 43
13:30:55, 28
13:30:55, 11
13:30:55, 6
13:30:55, 12
13:30:55, 27
13:30:55, 42
13:30:55, 57
13:30:55, 57
13:30:55, 48
13:30:55, 53
13:30:55, 74
13:30:55, 91
13:30:55, 97
13:30:55, 86
13:30:55, 84
13:30:55, 89
13:30:55, 93
13:30:55, 86
13:30:55, 69
13:30:55, 52
13:30:55, 44
13:30:55, 49
13:30:55, 39
13:30:55, 29
13:30:55, 37
13:30:55, 42
13:30:55, 40
13:30:55, 35
13:30:55, 24
13:30:55, 13
13:30:55, 16
13:30:55, 19
13:30:55, 17
13:30:55, 22
13:30:55, 43
13:30:55, 74
13:30:55, 100
13:30:55, 112
13:30:55, 108
13:30:55, 96
13:30:55, 92
13:30:55, 91
13:30:55, 82
13:30:55, 73
13:30:55, 59
13:30:55, 49
13:30:55, 42
13:30:55, 26
13:30:55, 6
13:30:55, -8
13:30:55, -1
13:30:55, 37
13:30:55, 85
13:30:55, 115
13:30:55, 122
13:30:55, 114
13:30:55, 101
13:30:55, 93
13:30:55, 91
13:30:55, 99
13:30:55, 112
13:30:55, 119
13:30:55, 117
13:30:55, 99
13:30:55, 88
13:30:55, 91
13:30:55, 92
13:30:55, 86
13:30:55, 86
13:30:55, 81
13:30:55, 55
13:30:55, 40
13:30:55, 28
13:30:55, 19
13:30:55, 27
13:30:55, 43
13:30:55, 52
13:30:55, 61
13:30:55, 80
13:30:55, 85
13:30:55, 71
13:30:55, 66
13:30:55, 72
13:30:55, 61
13:30:55, 44
13:30:55, 39
13:30:55, 40
13:30:55, 48
13:30:55, 57
13:30:55, 70
13:30:55, 86
13:30:55, 107
13:30:55, 124
13:30:55, 107
13:30:55, 77
13:30:55, 67
13:30:55, 66
13:30:55, 59
13:30:55, 43
13:30:55, 16
13:30:55, 7
13:30:55, 22
13:30:55, 26
13:30:55, 5
13:30:55, -20
13:30:55, -21
13:30:55, 0
13:30:55, 8
13:30:55, 0
13:30:55, -3
13:30:55, 2
13:30:55, 16
13:30:55, 19
13:30:55, 12
13:30:55, 5
13:30:55, -1
13:30:55, -9
13:30:55, -14
13:30:55, -13
13:30:55, -11
13:30:55, -11
13:30:55, -9
13:30:55, 4
13:30:55, 23
13:30:55, 27
13:30:55, 20
13:30:55, 13
13:30:55, 16
13:30:55, 24
13:30:55, 17
13:30:55, 7
13:30:55, 12
13:30:55, 23
13:30:55, 29
13:30:55, 32
13:30:55, 37
13:30:55, 50
13:30:55, 56
13:30:55, 57
13:30:55, 60
13:30:55, 68
13:30:55, 74
13:30:55, 65
13:30:55, 42
13:30:55, 16
13:30:55, -6
13:30:55, -13
13:30:55, -8
13:30:55, 0
13:30:55, 10
13:30:55, 21
13:30:55, 22
13:30:55, 11
13:30:55, 0
13:30:55, -7
13:30:55, -12
13:30:55, -18
13:30:55, -7
13:30:55, 6
13:30:55, 12
13:30:55, 17
13:30:55, 11
13:30:55, 3
13:30:55, -10
13:30:55, -9
13:30:55, 11
13:30:55, 39
13:30:55, 60
13:30:55, 54
13:30:55, 20
13:30:55, 3
13:30:55, 4
13:30:55, -2
13:30:55, -12
13:30:55, 10
13:30:55, 66
13:30:55, 103
13:30:55, 104
13:30:55, 74
13:30:55, 49
13:30:55, 50
13:30:55, 60
13:30:55, 59
13:30:55, 44
13:30:55, 25
13:30:55, 8
13:30:55, -5
13:30:55, -20
13:30:55, -35
13:30:55, -41
13:30:55, -33
13:30:55, -6
13:30:55, 34
13:30:55, 58
13:30:55, 53
13:30:55, 33
13:30:55, 26
13:30:55, 27
13:30:55, 33
13:30:55, 41
13:30:55, 58
13:30:55, 66
13:30:55, 43
13:30:55, 22
13:30:55, 36
13:30:55, 71
13:30:55, 69
13:30:55, 39
13:30:55, 35
13:30:55, 43
13:30:55, 49
13:30:55, 50
13:30:55, 41
13:30:55, 21
13:30:55, 5
13:30:55, -3
13:30:55, -8
13:30:55, -8
13:30:55, -10
13:30:55, -35
13:30:55, -77
13:30:55, -73
13:30:55, -9
13:30:55, 53
13:30:55, 77
13:30:55, 80
13:30:55, 81
13:30:55, 74
13:30:55, 60
13:30:55, 50
13:30:55, 51
13:30:55, 54
13:30:55, 56
13:30:55, 50
13:30:55, 28
13:30:55, 10
13:30:55, 2
13:30:55, -1
13:30:55, -6
13:30:55, -19
13:30:55, -24
13:30:55, -18
13:30:55, -1
13:30:55, 17
13:30:55, 0
13:30:55, -17
13:30:55, 1
13:30:55, 27
13:30:55, 36
13:30:55, 16
13:30:55, 11
13:30:55, 41
13:30:55, 67
13:30:55, 68
13:30:55, 64
13:30:55, 71
13:30:55, 81
13:30:55, 44
13:30:55, -11
13:30:55, -21
13:30:55, 35
13:30:55, 70
13:30:55, 29
13:30:55, -45
13:30:55, -99
13:30:55, -83
13:30:55, 21
13:30:55, 166
13:30:55, 266
13:30:55, 279
13:30:55, 251
13:30:55, 250
13:30:55, 251
13:30:55, 261
13:30:55, 291
13:30:55, 336
13:30:55, 368
13:30:55, 360
13:30:55, 329
13:30:55, 314
13:30:55, 310
13:30:55, 314
13:30:55, 339
13:30:55, 375
13:30:55, 393
13:30:55, 362
13:30:55, 297
13:30:55, 240
13:30:55, 198
13:30:55, 167
13:30:55, 152
13:30:55, 154
13:30:55, 148
13:30:55, 119
13:30:55, 81
13:30:55, 54
13:30:56, 48
13:30:56, 50
13:30:56, 57
13:30:56, 53
13:30:56, 39
13:30:56, 29
13:30:56, 24
13:30:56, 24
13:30:56, 27
13:30:56, 32
13:30:56, 22
13:30:56, 5
13:30:56, -4
13:30:56, -4
13:30:56, -1
13:30:56, 0
13:30:56, 2
13:30:56, 6
13:30:56, 16
13:30:56, 17
13:30:56, -7
13:30:56, -37
13:30:56, -37
13:30:56, -23
13:30:56, -29
13:30:56, -52
13:30:56, -70
13:30:56, -74
13:30:56, -65
13:30:56, -35
13:30:56, -12
13:30:56, -7
13:30:56, -5
13:30:56, 0
13:30:56, 1
13:30:56, 4
13:30:56, 3
13:30:56, -6
13:30:56, -23
13:30:56, -39
13:30:56, -38
13:30:56, -26
13:30:56, -18
13:30:56, -7
13:30:56, -7
13:30:56, -34
13:30:56, -73
13:30:56, -93
13:30:56, -78
13:30:56, -55
13:30:56, -42
13:30:56, -42
13:30:56, -34
13:30:56, -9
13:30:56, 4
13:30:56, 8
13:30:56, 0
13:30:56, -13
13:30:56, -23
13:30:56, -27
13:30:56, -29
13:30:56, -37
13:30:56, -52
13:30:56, -66
13:30:56, -57
13:30:56, -27
13:30:56, 8
13:30:56, 29
13:30:56, 24
13:30:56, -1
13:30:56, -23
13:30:56, -23
13:30:56, -21
13:30:56, -22
13:30:56, -23
13:30:56, -20
13:30:56, -6
13:30:56, 13
13:30:56, 26
13:30:56, 23
13:30:56, 6
13:30:56, -8
13:30:56, -13
13:30:56, 4
13:30:56, 36
13:30:56, 41
13:30:56, 25
13:30:56, 6
13:30:56, -6
13:30:56, -21
13:30:56, -22
13:30:56, -2
13:30:56, 21
13:30:56, 19
13:30:56, -6
13:30:56, -35
13:30:56, -49
13:30:56, -28
13:30:56, 18
13:30:56, 59
13:30:56, 53
13:30:56, 6
13:30:56, -35
13:30:56, -49
13:30:56, -36
13:30:56, -27
13:30:56, -55
13:30:56, -103
13:30:56, -125
13:30:56, -114
13:30:56, -83
13:30:56, -72
13:30:56, -88
13:30:56, -107
13:30:56, -103
13:30:56, -83
13:30:56, -66
13:30:56, -60
13:30:56, -68
13:30:56, -78
13:30:56, -76
13:30:56, -51
13:30:56, -18
13:30:56, 3
13:30:56, 9
13:30:56, 12
13:30:56, 9
13:30:56, 2
13:30:56, 0
13:30:56, -10
13:30:56, -29
13:30:56, -38
13:30:56, -39
13:30:56, -34
13:30:56, -24
13:30:56, -24
13:30:56, -17
13:30:56, 0
13:30:56, 8
13:30:56, 7
13:30:56, 6
13:30:56, 11
13:30:56, 25
13:30:56, 42
13:30:56, 60
13:30:56, 75
13:30:56, 70
13:30:56, 49
13:30:56, 24
13:30:56, 21
13:30:56, 40
13:30:56, 71
13:30:56, 84
13:30:56, 66
13:30:56, 38
13:30:56, 41
13:30:56, 70
13:30:56, 84
13:30:56, 75
13:30:56, 75
13:30:56, 87
13:30:56, 73
13:30:56, 22
13:30:56, -19
13:30:56, -10
13:30:56, 50
13:30:56, 106
13:30:56, 114
13:30:56, 82
13:30:56, 40
13:30:56, 20
13:30:56, 34
13:30:56, 57
13:30:56, 66
13:30:56, 53
13:30:56, 36
13:30:56, 36
13:30:56, 55
13:30:56, 71
13:30:56, 77
13:30:56, 83
13:30:56, 73
13:30:56, 69
13:30:56, 67
13:30:56, 68
13:30:56, 70
13:30:56, 72
13:30:56, 76
13:30:56, 71
13:30:56, 59
13:30:56, 40
13:30:56, 23
13:30:56, 20
13:30:56, 23
13:30:56, 33
13:30:56, 44
13:30:56, 57
13:30:56, 61
13:30:56, 55
13:30:56, 49
13:30:56, 42
13:30:56, 64
13:30:56, 83
13:30:56, 76
13:30:56, 59
13:30:56, 57
13:30:56, 58
13:30:56, 38
13:30:56, -12
13:30:56, -71
13:30:56, -71
13:30:56, -9
13:30:56, 61
13:30:56, 92
13:30:56, 73
13:30:56, 49
13:30:56, 49
13:30:56, 68
13:30:56, 88
13:30:56, 100
13:30:56, 91
13:30:56, 55
13:30:56, 18
13:30:56, -5
13:30:56, -19
13:30:56, -20
13:30:56, -11
13:30:56, 6
13:30:56, 39
13:30:56, 50
13:30:56, 33
13:30:56, 18
13:30:56, 13
13:30:56, 16
13:30:56, 13
13:30:56, 5
13:30:56, -17
13:30:56, -35
13:30:56, -20
13:30:56, 18
13:30:56, 52
13:30:56, 65
13:30:56, 58
13:30:56, 64
13:30:56, 77
13:30:56, 85
13:30:56, 74
13:30:56, 59
13:30:56, 65
13:30:56, 83
13:30:56, 99
13:30:56, 97
13:30:56, 76
13:30:56, 56
13:30:56, 51
13:30:56, 65
13:30:56, 85
13:30:56, 96
13:30:56, 84
13:30:56, 66
13:30:56, 58
13:30:56, 55
13:30:56, 50
13:30:56, 50
13:30:56, 54
13:30:56, 55
13:30:56, 54
13:30:56, 55
13:30:56, 51
13:30:56, 48
13:30:56, 38
13:30:56, 27
13:30:56, 26
13:30:56, 28
13:30:56, 37
13:30:56, 44
13:30:56, 27
13:30:56, 9
13:30:56, 22
13:30:56, 52
13:30:56, 69
13:30:56, 72
13:30:56, 71
13:30:56, 76
13:30:56, 75
13:30:56, 61
13:30:56, 51
13:30:56, 53
13:30:56, 61
13:30:56, 69
13:30:56, 69
13:30:56, 54
13:30:56, 52
13:30:56, 59
13:30:56, 69
13:30:56, 77
13:30:56, 96
13:30:56, 102
13:30:56, 96
13:30:56, 83
13:30:56, 71
13:30:56, 52
13:30:56, 38
13:30:56, 34
13:30:56, 32
13:30:56, 19
13:30:56, 4
13:30:56, 8
13:30:56, 41
13:30:56, 66
13:30:56, 64
13:30:56, 44
13:30:56, 33
13:30:56, 28
13:30:56, 32
13:30:56, 34
13:30:56, 44
13:30:56, 55
13:30:56, 49
13:30:56, 32
13:30:56, 25
13:30:56, 34
13:30:56, 43
13:30:56, 51
13:30:56, 52
13:30:56, 51
13:30:56, 53
13:30:56, 57
13:30:56, 65
13:30:56, 71
13:30:56, 82
13:30:56, 90
13:30:56, 89
13:30:56, 73
13:30:56, 54
13:30:56, 41
13:30:56, 38
13:30:56, 36
13:30:56, 27
13:30:56, 13
13:30:56, -3
13:30:56, -27
13:30:56, -58
13:30:56, -56
13:30:56, -8
13:30:56, 42
13:30:56, 53
13:30:56, 32
13:30:56, 36
13:30:56, 73
13:30:56, 107
13:30:56, 117
13:30:56, 92
13:30:56, 54
13:30:56, 25
13:30:56, 16
13:30:56, 2
13:30:56, -26
13:30:56, -42
13:30:56, -29
13:30:56, -11
13:30:56, -2
13:30:56, -2
13:30:56, 16
13:30:56, 48
13:30:56, 87
13:30:56, 108
13:30:56, 97
13:30:56, 74
13:30:56, 72
13:30:56, 83
13:30:56, 91
13:30:56, 87
13:30:56, 64
13:30:56, 42
13:30:56, 45
13:30:56, 55
13:30:56, 58
13:30:56, 57
13:30:56, 52
13:30:56, 48
13:30:56, 36
13:30:56, 35
13:30:56, 40
13:30:56, 44
13:30:56, 42
13:30:56, 40
13:30:56, 35
13:30:56, 23
13:30:56, 9
13:30:56, 13
13:30:56, 39
13:30:56, 65
13:30:56, 73
13:30:56, 68
13:30:56, 59
13:30:56, 68
13:30:56, 87
13:30:56, 88
13:30:56, 77
13:30:56, 69
13:30:56, 60
13:30:56, 53
13:30:56, 54
13:30:56, 67
13:30:56, 84
13:30:56, 100
13:30:56, 98
13:30:56, 85
13:30:56, 80
13:30:56, 86
13:30:56, 97
13:30:56, 100
13:30:56, 100
13:30:56, 89
13:30:56, 65
13:30:56, 39
13:30:56, 39
13:30:56, 51
13:30:56, 57
13:30:56, 59
13:30:56, 57
13:30:56, 61
13:30:56, 68
13:30:56, 67
13:30:56, 59
13:30:56, 50
13:30:56, 39
13:30:56, 40
13:30:56, 54
13:30:56, 57
13:30:56, 36
13:30:56, 9
13:30:56, 7
13:30:56, 24
13:30:56, 37
13:30:56, 32
13:30:56, 27
13:30:56, 43
13:30:56, 59
13:30:56, 69
13:30:56, 83
13:30:56, 90
13:30:56, 85
13:30:56, 81
13:30:56, 75
13:30:56, 81
13:30:56, 77
13:30:56, 66
13:30:56, 50
13:30:56, 34
13:30:56, 22
13:30:56, 6
13:30:56, -10
13:30:56, -17
13:30:56, -24
13:30:56, -28
13:30:56, -4
13:30:56, 44
13:30:56, 84
13:30:56, 74
13:30:56, 48
13:30:56, 48
13:30:56, 69
13:30:56, 86
13:30:56, 83
13:30:56, 70
13:30:56, 54
13:30:56, 39
13:30:56, 25
13:30:56, 17
13:30:56, 17
13:30:56, 28
13:30:56, 32
13:30:56, 18
13:30:56, 11
13:30:56, 6
13:30:56, 11
13:30:56, 34
13:30:56, 37
13:30:56, 17
13:30:56, 1
13:30:56, 13
13:30:56, 40
13:30:56, 54
13:30:56, 54
13:30:56, 45
13:30:56, 33
13:30:56, 18
13:30:56, 8
13:30:56, 0
13:30:56, 4
13:30:56, 12
13:30:56, 19
13:30:56, 17
13:30:56, 12
13:30:56, 12
13:30:56, 19
13:30:56, 27
13:30:56, 34
13:30:56, 23
13:30:56, 18
13:30:56, 27
13:30:56, 38
13:30:56, 29
13:30:56, 19
13:30:56, 17
13:30:56, 6
13:30:56, 2
13:30:56, 9
13:30:56, 23
13:30:56, 37
13:30:56, 41
13:30:57, 41
13:30:57, 53
13:30:57, 69
13:30:57, 71
13:30:57, 56
13:30:57, 42
13:30:57, 43
13:30:57, 53
13:30:57, 40
13:30:57, 21
13:30:57, 21
13:30:57, 34
13:30:57, 32
13:30:57, 32
13:30:57, 52
13:30:57, 82
13:30:57, 102
13:30:57, 103
13:30:57, 96
13:30:57, 82
13:30:57, 70
13:30:57, 76
13:30:57, 81
13:30:57, 75
13:30:57, 67
13:30:57, 48
13:30:57, 40
13:30:57, 56
13:30:57, 71
13:30:57, 72
13:30:57, 61
13:30:57, 45
13:30:57, 25
13:30:57, 26
13:30:57, 60
13:30:57, 87
13:30:57, 90
13:30:57, 80
13:30:57, 80
13:30:57, 91
13:30:57, 96
13:30:57, 86
13:30:57, 80
13:30:57, 66
13:30:57, 51
13:30:57, 40
13:30:57, 21
13:30:57, 10
13:30:57, 20
13:30:57, 37
13:30:57, 50
13:30:57, 53
13:30:57, 61
13:30:57, 72
13:30:57, 74
13:30:57, 67
13:30:57, 58
13:30:57, 43
13:30:57, 27
13:30:57, 20
13:30:57, 26
13:30:57, 23
13:30:57, 3
13:30:57, -5
13:30:57, 9
13:30:57, 27
13:30:57, 34
13:30:57, 36
13:30:57, 33
13:30:57, 28
13:30:57, 19
13:30:57, 3
13:30:57, -3
13:30:57, 3
13:30:57, 11
13:30:57, 28
13:30:57, 41
13:30:57, 28
13:30:57, 16
13:30:57, 18
13:30:57, 25
13:30:57, 26
13:30:57, 23
13:30:57, 23
13:30:57, 28
13:30:57, 37
13:30:57, 26
13:30:57, -3
13:30:57, -25
13:30:57, -25
13:30:57, -14
13:30:57, -8
13:30:57, -8
13:30:57, -6
13:30:57, 9
13:30:57, 29
13:30:57, 51
13:30:57, 74
13:30:57, 86
13:30:57, 72
13:30:57, 53
13:30:57, 41
13:30:57, 42
13:30:57, 51
13:30:57, 52
13:30:57, 51
13:30:57, 70
13:30:57, 96
13:30:57, 97
13:30:57, 80
13:30:57, 59
13:30:57, 32
13:30:57, 3
13:30:57, 1
13:30:57, 13
13:30:57, 16
13:30:57, 5
13:30:57, -9
13:30:57, -18
13:30:57, -8
13:30:57, 10
13:30:57, 26
13:30:57, 34
13:30:57, 37
13:30:57, 36
13:30:57, 28
13:30:57, 28
13:30:57, 41
13:30:57, 58
13:30:57, 58
13:30:57, 42
13:30:57, 24
13:30:57, 7
13:30:57, 13
13:30:57, 29
13:30:57, 39
13:30:57, 42
13:30:57, 42
13:30:57, 35
13:30:57, 21
13:30:57, 20
13:30:57, 26
13:30:57, 43
13:30:57, 67
13:30:57, 72
13:30:57, 60
13:30:57, 43
13:30:57, 28
13:30:57, 19
13:30:57, 28
13:30:57, 54
13:30:57, 59
13:30:57, 54
13:30:57, 55
13:30:57, 69
13:30:57, 83
13:30:57, 84
13:30:57, 71
13:30:57, 64
13:30:57, 64
13:30:57, 59
13:30:57, 44
13:30:57, 9
13:30:57, -24
13:30:57, -37
13:30:57, -24
13:30:57, -12
13:30:57, -9
13:30:57, 9
13:30:57, 39
13:30:57, 59
13:30:57, 55
13:30:57, 38
13:30:57, 28
13:30:57, 50
13:30:57, 76
13:30:57, 86
13:30:57, 74
13:30:57, 48
13:30:57, 36
13:30:57, 39
13:30:57, 43
13:30:57, 38
13:30:57, 19
13:30:57, -2
13:30:57, -10
13:30:57, 1
13:30:57, 13
13:30:57, 17
13:30:57, 22
13:30:57, 24
13:30:57, 24
13:30:57, 32
13:30:57, 39
13:30:57, 52
13:30:57, 75
13:30:57, 92
13:30:57, 100
13:30:57, 100
13:30:57, 96
13:30:57, 90
13:30:57, 84
13:30:57, 84
13:30:57, 83
13:30:57, 71
13:30:57, 64
13:30:57, 55
13:30:57, 49
13:30:57, 44
13:30:57, 43
13:30:57, 35
13:30:57, 24
13:30:57, 17
13:30:57, 26
13:30:57, 41
13:30:57, 45
13:30:57, 42
13:30:57, 44
13:30:57, 54
13:30:57, 66
13:30:57, 70
13:30:57, 69
13:30:57, 61
13:30:57, 69
13:30:57, 71
13:30:57, 68
13:30:57, 68
13:30:57, 67
13:30:57, 64
13:30:57, 59
13:30:57, 41
13:30:57, 22
13:30:57, 17
13:30:57, 24
13:30:57, 27
13:30:57, 24
13:30:57, 23
13:30:57, 32
13:30:57, 44
13:30:57, 54
13:30:57, 67
13:30:57, 59
13:30:57, 37
13:30:57, 16
13:30:57, 8
13:30:57, 17
13:30:57, 33
13:30:57, 39
13:30:57, 42
13:30:57, 57
13:30:57, 74
13:30:57, 72
13:30:57, 61
13:30:57, 58
13:30:57, 71
13:30:57, 75
13:30:57, 59
13:30:57, 26
13:30:57, 1
13:30:57, -3
13:30:57, 17
13:30:57, 35
13:30:57, 33
13:30:57, 27
13:30:57, 42
13:30:57, 58
13:30:57, 54
13:30:57, 48
13:30:57, 50
13:30:57, 48
13:30:57, 28
13:30:57, -5
13:30:57, -35
13:30:57, -30
13:30:57, 7
13:30:57, 66
13:30:57, 106
13:30:57, 116
13:30:57, 91
13:30:57, 61
13:30:57, 51
13:30:57, 57
13:30:57, 67
13:30:57, 52
13:30:57, 22
13:30:57, 4
13:30:57, -6
13:30:57, -17
13:30:57, -9
13:30:57, 13
13:30:57, 36
13:30:57, 64
13:30:57, 91
13:30:57, 107
13:30:57, 101
13:30:57, 81
13:30:57, 60
13:30:57, 55
13:30:57, 69
13:30:57, 89
13:30:57, 86
13:30:57, 68
13:30:57, 70
13:30:57, 87
13:30:57, 103
13:30:57, 107
13:30:57, 101
13:30:57, 75
13:30:57, 55
13:30:57, 56
13:30:57, 67
13:30:57, 68
13:30:57, 66
13:30:57, 50
13:30:57, 27
13:30:57, 21
13:30:57, 25
13:30:57, 28
13:30:57, 23
13:30:57, 17
13:30:57, 22
13:30:57, 33
13:30:57, 53
13:30:57, 64
13:30:57, 50
13:30:57, 32
13:30:57, 20
13:30:57, 20
13:30:57, 18
13:30:57, 7
13:30:57, 9
13:30:57, 28
13:30:57, 58
13:30:57, 80
13:30:57, 74
13:30:57, 53
13:30:57, 28
13:30:57, 32
13:30:57, 48
13:30:57, 57
13:30:57, 56
13:30:57, 50
13:30:57, 45
13:30:57, 55
13:30:57, 59
13:30:57, 49
13:30:57, 36
13:30:57, 21
13:30:57, 10
13:30:57, 21
13:30:57, 29
13:30:57, 20
13:30:57, 9
13:30:57, 9
13:30:57, 12
13:30:57, 24
13:30:57, 38
13:30:57, 42
13:30:57, 42
13:30:57, 33
13:30:57, 37
13:30:57, 43
13:30:57, 49
13:30:57, 54
13:30:57, 53
13:30:57, 48
13:30:57, 56
13:30:57, 64
13:30:57, 45
13:30:57, 22
13:30:57, 21
13:30:57, 41
13:30:57, 61
13:30:57, 73
13:30:57, 74
13:30:57, 68
13:30:57, 57
13:30:57, 49
13:30:57, 39
13:30:57, 26
13:30:57, 21
13:30:57, 32
13:30:57, 50
13:30:57, 54
13:30:57, 43
13:30:57, 32
13:30:57, 12
13:30:57, -4
13:30:57, -11
13:30:57, 1
13:30:57, 22
13:30:57, 33
13:30:57, 26
13:30:57, 23
13:30:57, 35
13:30:57, 51
13:30:57, 52
13:30:57, 41
13:30:57, 39
13:30:57, 42
13:30:57, 53
13:30:57, 66
13:30:57, 65
13:30:57, 58
13:30:57, 57
13:30:57, 43
13:30:57, 21
13:30:57, 7
13:30:57, 12
13:30:57, 17
13:30:57, 10
13:30:57, 10
13:30:57, 27
13:30:57, 44
13:30:57, 52
13:30:57, 64
13:30:57, 67
13:30:57, 65
13:30:57, 60
13:30:57, 51
13:30:57, 33
13:30:57, 22
13:30:57, 25
13:30:57, 20
13:30:57, -2
13:30:57, -11
13:30:57, -7
13:30:57, 3
13:30:57, 9
13:30:57, 11
13:30:57, 21
13:30:57, 19
13:30:57, 8
13:30:57, 4
13:30:57, 8
13:30:57, 27
13:30:57, 41
13:30:57, 49
13:30:57, 60
13:30:57, 82
13:30:57, 87
13:30:57, 80
13:30:57, 83
13:30:57, 93
13:30:57, 89
13:30:57, 67
13:30:57, 58
13:30:57, 67
13:30:57, 74
13:30:57, 66
13:30:57, 53
13:30:57, 48
13:30:57, 54
13:30:57, 51
13:30:57, 28
13:30:57, 22
13:30:57, 35
13:30:57, 44
13:30:57, 41
13:30:57, 36
13:30:57, 37
13:30:57, 39
13:30:57, 52
13:30:57, 70
13:30:57, 86
13:30:57, 84
13:30:57, 74
13:30:57, 71
13:30:57, 64
13:30:57, 52
13:30:57, 45
13:30:57, 42
13:30:57, 26
13:30:57, 17
13:30:57, 12
13:30:57, 13
13:30:57, 21
13:30:57, 34
13:30:57, 48
13:30:57, 55
13:30:57, 67
13:30:57, 66
13:30:57, 53
13:30:57, 43
13:30:57, 41
13:30:57, 48
13:30:57, 57
13:30:57, 56
13:30:57, 42
13:30:57, 39
13:30:57, 55
13:30:57, 72
13:30:57, 82
13:30:57, 73
13:30:57, 57
13:30:57, 42
13:30:57, 33
13:30:57, 39
13:30:57, 55
13:30:57, 54
13:30:57, 34
13:30:57, 17
13:30:57, 20
13:30:57, 33
13:30:57, 41
13:30:57, 38
13:30:57, 21
13:30:57, -3
13:30:57, -7
13:30:57, 13
13:30:57, 33
13:30:57, 38
13:30:57, 28
13:30:57, 7
13:30:57, -1
13:30:57, -5
13:30:58, -2
13:30:58, 10
13:30:58, 25
13:30:58, 25
13:30:58, 18
13:30:58, 34
13:30:58, 67
13:30:58, 75
13:30:58, 57
13:30:58, 26
13:30:58, 6
13:30:58, 4
13:30:58, 25
13:30:58, 54
13:30:58, 69
13:30:58, 66
13:30:58, 52
13:30:58, 32
13:30:58, 28
13:30:58, 50
13:30:58, 64
13:30:58, 64
13:30:58, 51
13:30:58, 38
13:30:58, 28
13:30:58, 9
13:30:58, -7
13:30:58, -21
13:30:58, -24
13:30:58, -1
13:30:58, 37
13:30:58, 57
13:30:58, 59
13:30:58, 55
13:30:58, 49
13:30:58, 44
13:30:58, 56
13:30:58, 66
13:30:58, 51
13:30:58, 12
13:30:58, -13
13:30:58, -12
13:30:58, -3
13:30:58, 2
13:30:58, 5
13:30:58, 4
13:30:58, -4
13:30:58, 9
13:30:58, 29
13:30:58, 32
13:30:58, 23
13:30:58, 18
13:30:58, 22
13:30:58, 55
13:30:58, 81
13:30:58, 76
13:30:58, 58
13:30:58, 41
13:30:58, 28
13:30:58, 24
13:30:58, 29
13:30:58, 35
13:30:58, 21
13:30:58, 5
13:30:58, 3
13:30:58, 10
13:30:58, 6
13:30:58, -7
13:30:58, -19
13:30:58, -36
13:30:58, -52
13:30:58, -56
13:30:58, -50
13:30:58, -40
13:30:58, -25
13:30:58, -25
13:30:58, -36
13:30:58, -37
13:30:58, -33
13:30:58, -35
13:30:58, -19
13:30:58, 16
13:30:58, 34
13:30:58, 28
13:30:58, 22
13:30:58, 11
13:30:58, -14
13:30:58, -35
13:30:58, -7
13:30:58, 44
13:30:58, 68
13:30:58, 35
13:30:58, 8
13:30:58, 27
13:30:58, 49
13:30:58, 33
13:30:58, 4
13:30:58, 0
13:30:58, 73
13:30:58, 204
13:30:58, 295
13:30:58, 281
13:30:58, 198
13:30:58, 107
13:30:58, 85
13:30:58, 167
13:30:58, 295
13:30:58, 357
13:30:58, 324
13:30:58, 279
13:30:58, 292
13:30:58, 392
13:30:58, 521
13:30:58, 594
13:30:58, 572
13:30:58, 499
13:30:58, 450
13:30:58, 439
13:30:58, 420
13:30:58, 374
13:30:58, 304
13:30:58, 232
13:30:58, 184
13:30:58, 171
13:30:58, 179
13:30:58, 185
13:30:58, 184
13:30:58, 167
13:30:58, 137
13:30:58, 99
13:30:58, 58
13:30:58, 35
13:30:58, 23
13:30:58, 18
13:30:58, 0
13:30:58, -17
13:30:58, -17
13:30:58, -13
13:30:58, -13
13:30:58, -23
13:30:58, -54
13:30:58, -85
13:30:58, -101
13:30:58, -94
13:30:58, -72
13:30:58, -52
13:30:58, -39
13:30:58, -28
13:30:58, -20
13:30:58, -4
13:30:58, 12
13:30:58, 13
13:30:58, 2
13:30:58, -18
13:30:58, -38
13:30:58, -49
13:30:58, -37
13:30:58, -13
13:30:58, -6
13:30:58, -17
13:30:58, -40
13:30:58, -53
13:30:58, -53
13:30:58, -54
13:30:58, -46
13:30:58, -35
13:30:58, -34
13:30:58, -55
13:30:58, -82
13:30:58, -75
13:30:58, -44
13:30:58, -14
13:30:58, -9
13:30:58, -10
13:30:58, -4
13:30:58, 0
13:30:58, -8
13:30:58, 2
13:30:58, 40
13:30:58, 67
13:30:58, 81
13:30:58, 83
13:30:58, 75
13:30:58, 87
13:30:58, 114
13:30:58, 129
13:30:58, 132
13:30:58, 153
13:30:58, 178
13:30:58, 188
13:30:58, 195
13:30:58, 185
13:30:58, 165
13:30:58, 161
13:30:58, 194
13:30:58, 243
13:30:58, 274
13:30:58, 258
13:30:58, 195
13:30:58, 117
13:30:58, 105
13:30:58, 155
13:30:58, 189
13:30:58, 177
13:30:58, 136
13:30:58, 104
13:30:58, 90
13:30:58, 81
13:30:58, 68
13:30:58, 56
13:30:58, 45
13:30:58, 21
13:30:58, -10
13:30:58, -34
13:30:58, -51
13:30:58, -67
13:30:58, -91
13:30:58, -108
13:30:58, -122
13:30:58, -139
13:30:58, -138
13:30:58, -118
13:30:58, -121
13:30:58, -170
13:30:58, -227
13:30:58, -252
13:30:58, -245
13:30:58, -236
13:30:58, -236
13:30:58, -254
13:30:58, -285
13:30:58, -297
13:30:58, -275
13:30:58, -242
13:30:58, -235
13:30:58, -274
13:30:58, -317
13:30:58, -322
13:30:58, -266
13:30:58, -210
13:30:58, -194
13:30:58, -210
13:30:58, -220
13:30:58, -216
13:30:58, -204
13:30:58, -186
13:30:58, -180
13:30:58, -187
13:30:58, -194
13:30:58, -174
13:30:58, -136
13:30:58, -114
13:30:58, -116
13:30:58, -117
13:30:58, -109
13:30:58, -109
13:30:58, -126
13:30:58, -138
13:30:58, -129
13:30:58, -87
13:30:58, -37
13:30:58, -21
13:30:58, -40
13:30:58, -53
13:30:58, -44
13:30:58, -23
13:30:58, 9
13:30:58, 35
13:30:58, 36
13:30:58, 21
13:30:58, 8
13:30:58, 3
13:30:58, 4
13:30:58, 4
13:30:58, 7
13:30:58, 12
13:30:58, 23
13:30:58, 25
13:30:58, 18
13:30:58, 19
13:30:58, 52
13:30:58, 76
13:30:58, 68
13:30:58, 48
13:30:58, 37
13:30:58, 39
13:30:58, 50
13:30:58, 56
13:30:58, 53
13:30:58, 59
13:30:58, 74
13:30:58, 71
13:30:58, 51
13:30:58, 53
13:30:58, 88
13:30:58, 123
13:30:58, 144
13:30:58, 150
13:30:58, 137
13:30:58, 124
13:30:58, 124
13:30:58, 122
13:30:58, 107
13:30:58, 92
13:30:58, 88
13:30:58, 84
13:30:58, 80
13:30:58, 75
13:30:58, 74
13:30:58, 81
13:30:58, 85
13:30:58, 82
13:30:58, 75
13:30:58, 66
13:30:58, 55
13:30:58, 60
13:30:58, 73
13:30:58, 84
13:30:58, 92
13:30:58, 100
13:30:58, 97
13:30:58, 83
13:30:58, 53
13:30:58, 37
13:30:58, 55
13:30:58, 101
13:30:58, 132
13:30:58, 136
13:30:58, 122
13:30:58, 112
13:30:58, 115
13:30:58, 118
13:30:58, 107
13:30:58, 113
13:30:58, 121
13:30:58, 113
13:30:58, 70
13:30:58, 3
13:30:58, -36
13:30:58, -10
13:30:58, 38
13:30:58, 67
13:30:58, 83
13:30:58, 101
13:30:58, 124
13:30:58, 146
13:30:58, 157
13:30:58, 150
13:30:58, 118
13:30:58, 96
13:30:58, 99
13:30:58, 122
13:30:58, 141
13:30:58, 136
13:30:58, 104
13:30:58, 70
13:30:58, 55
13:30:58, 58
13:30:58, 65
13:30:58, 72
13:30:58, 76
13:30:58, 75
13:30:58, 75
13:30:58, 82
13:30:58, 77
13:30:58, 72
13:30:58, 76
13:30:58, 69
13:30:58, 37
13:30:58, 20
13:30:58, 49
13:30:58, 83
13:30:58, 93
13:30:58, 85
13:30:58, 67
13:30:58, 65
13:30:58, 76
13:30:58, 71
13:30:58, 61
13:30:58, 68
13:30:58, 81
13:30:58, 87
13:30:58, 90
13:30:58, 83
13:30:58, 60
13:30:58, 45
13:30:58, 56
13:30:58, 71
13:30:58, 67
13:30:58, 60
13:30:58, 67
13:30:58, 82
13:30:58, 93
13:30:58, 80
13:30:58, 55
13:30:58, 49
13:30:58, 70
13:30:58, 88
13:30:58, 73
13:30:58, 39
13:30:58, 12
13:30:58, 1
13:30:58, 3
13:30:58, 24
13:30:58, 56
13:30:58, 82
13:30:58, 85
13:30:58, 85
13:30:58, 82
13:30:58, 76
13:30:58, 80
13:30:58, 97
13:30:58, 109
13:30:58, 85
13:30:58, 16
13:30:58, -25
13:30:58, -3
13:30:58, 49
13:30:58, 73
13:30:58, 55
13:30:58, 16
13:30:58, -28
13:30:58, -58
13:30:58, -21
13:30:58, 57
13:30:58, 115
13:30:58, 114
13:30:58, 64
13:30:58, 24
13:30:58, 43
13:30:58, 99
13:30:58, 136
13:30:58, 116
13:30:58, 61
13:30:58, 12
13:30:58, -2
13:30:58, 13
13:30:58, 41
13:30:58, 58
13:30:58, 65
13:30:58, 69
13:30:58, 72
13:30:58, 82
13:30:58, 80
13:30:58, 72
13:30:58, 73
13:30:58, 59
13:30:58, 12
13:30:58, -27
13:30:58, -35
13:30:58, 1
13:30:58, 43
13:30:58, 66
13:30:58, 72
13:30:58, 71
13:30:58, 67
13:30:58, 61
13:30:58, 51
13:30:58, 38
13:30:58, 23
13:30:58, 8
13:30:58, 12
13:30:58, 23
13:30:58, 24
13:30:58, 16
13:30:58, 12
13:30:58, 22
13:30:58, 28
13:30:58, 21
13:30:58, 3
13:30:58, -23
13:30:58, -38
13:30:58, -25
13:30:58, 5
13:30:58, 37
13:30:58, 45
13:30:58, 41
13:30:58, 36
13:30:58, 43
13:30:58, 68
13:30:58, 55
13:30:58, 16
13:30:58, 12
13:30:58, 43
13:30:58, 69
13:30:58, 57
13:30:58, 21
13:30:58, -11
13:30:58, -12
13:30:58, 21
13:30:58, 57
13:30:58, 75
13:30:58, 64
13:30:58, 27
13:30:58, 3
13:30:58, -6
13:30:58, 2
13:30:58, 34
13:30:58, 70
13:30:58, 70
13:30:58, 40
13:30:58, -6
13:30:58, -38
13:30:58, -3
13:30:58, 83
13:30:58, 161
13:30:58, 193
13:30:58, 179
13:30:58, 135
13:30:58, 98
13:30:58, 112
13:30:58, 170
13:30:58, 226
13:30:58, 218
13:30:58, 155
13:30:58, 102
13:30:58, 101
13:30:59, 130
13:30:59, 154
13:30:59, 170
13:30:59, 189
13:30:59, 194
13:30:59, 168
13:30:59, 134
13:30:59, 107
13:30:59, 91
13:30:59, 82
13:30:59, 73
13:30:59, 66
13:30:59, 56
13:30:59, 40
13:30:59, 22
13:30:59, 9
13:30:59, -2
13:30:59, -19
13:30:59, -34
13:30:59, -35
13:30:59, -27
13:30:59, -20
13:30:59, -2
13:30:59, 19
13:30:59, 35
13:30:59, 36
13:30:59, 17
13:30:59, 4
13:30:59, 21
13:30:59, 52
13:30:59, 69
13:30:59, 60
13:30:59, 44
13:30:59, 35
13:30:59, 33
13:30:59, 29
13:30:59, 39
13:30:59, 50
13:30:59, 55
13:30:59, 57
13:30:59, 51
13:30:59, 36
13:30:59, 29
13:30:59, 33
13:30:59, 44
13:30:59, 69
13:30:59, 70
13:30:59, 51
13:30:59, 38
13:30:59, 27
13:30:59, 10
13:30:59, 0
13:30:59, -3
13:30:59, -6
13:30:59, -10
13:30:59, -1
13:30:59, 22
13:30:59, 54
13:30:59, 73
13:30:59, 75
13:30:59, 74
13:30:59, 83
13:30:59, 98
13:30:59, 102
13:30:59, 96
13:30:59, 88
13:30:59, 72
13:30:59, 49
13:30:59, 39
13:30:59, 41
13:30:59, 38
13:30:59, 26
13:30:59, 8
13:30:59, -21
13:30:59, -70
13:30:59, -104
13:30:59, -118
13:30:59, -97
13:30:59, -22
13:30:59, 40
13:30:59, 41
13:30:59, 13
13:30:59, 0
13:30:59, -11
13:30:59, -14
13:30:59, -8
13:30:59, -18
13:30:59, -43
13:30:59, -81
13:30:59, -124
13:30:59, -162
13:30:59, -173
13:30:59, -155
13:30:59, -136
13:30:59, -129
13:30:59, -123
13:30:59, -103
13:30:59, -84
13:30:59, -77
13:30:59, -84
13:30:59, -84
13:30:59, -86
13:30:59, -97
13:30:59, -105
13:30:59, -107
13:30:59, -89
13:30:59, -69
13:30:59, -59
13:30:59, -65
13:30:59, -71
13:30:59, -82
13:30:59, -85
13:30:59, -73
13:30:59, -46
13:30:59, -21
13:30:59, -4
13:30:59, 3
13:30:59, -3
13:30:59, -19
13:30:59, -14
13:30:59, 11
13:30:59, 34
13:30:59, 43
13:30:59, 58
13:30:59, 64
13:30:59, 55
13:30:59, 41
13:30:59, 37
13:30:59, 51
13:30:59, 77
13:30:59, 88
13:30:59, 71
13:30:59, 48
13:30:59, 52
13:30:59, 66
13:30:59, 76
13:30:59, 83
13:30:59, 80
13:30:59, 71
13:30:59, 61
13:30:59, 42
13:30:59, 22
13:30:59, 8
13:30:59, 16
13:30:59, 27
13:30:59, 45
13:30:59, 64
13:30:59, 89
13:30:59, 118
13:30:59, 128
13:30:59, 128
13:30:59, 132
13:30:59, 122
13:30:59, 107
13:30:59, 115
13:30:59, 132
13:30:59, 145
13:30:59, 141
13:30:59, 119
13:30:59, 91
13:30:59, 89
13:30:59, 108
13:30:59, 120
13:30:59, 118
13:30:59, 115
13:30:59, 98
13:30:59, 77
13:30:59, 81
13:30:59, 89
13:30:59, 83
13:30:59, 68
13:30:59, 53
13:30:59, 57
13:30:59, 81
13:30:59, 98
13:30:59, 97
13:30:59, 91
13:30:59, 89
13:30:59, 85
13:30:59, 88
13:30:59, 101
13:30:59, 104
13:30:59, 100
13:30:59, 93
13:30:59, 87
13:30:59, 88
13:30:59, 88
13:30:59, 84
13:30:59, 81
13:30:59, 82
13:30:59, 84
13:30:59, 88
13:30:59, 103
13:30:59, 112
13:30:59, 98
13:30:59, 87
13:30:59, 92
13:30:59, 99
13:30:59, 98
13:30:59, 81
13:30:59, 56
13:30:59, 36
13:30:59, 28
13:30:59, 33
13:30:59, 25
13:30:59, 4
13:30:59, -27
13:30:59, -28
13:30:59, 4
13:30:59, 52
13:30:59, 105
13:30:59, 160
13:30:59, 186
13:30:59, 171
13:30:59, 137
13:30:59, 122
13:30:59, 140
13:30:59, 167
13:30:59, 179
13:30:59, 157
13:30:59, 117
13:30:59, 76
13:30:59, 55
13:30:59, 57
13:30:59, 76
13:30:59, 103
13:30:59, 109
13:30:59, 96
13:30:59, 69
13:30:59, 48
13:30:59, 33
13:30:59, 26
13:30:59, 25
13:30:59, 29
13:30:59, 48
13:30:59, 65
13:30:59, 67
13:30:59, 69
13:30:59, 83
13:30:59, 96
13:30:59, 89
13:30:59, 66
13:30:59, 44
13:30:59, 28
13:30:59, 8
13:30:59, -8
13:30:59, 8
13:30:59, 75
13:30:59, 149
13:30:59, 184
13:30:59, 187
13:30:59, 169
13:30:59, 150
13:30:59, 140
13:30:59, 156
13:30:59, 185
13:30:59, 197
13:30:59, 188
13:30:59, 160
13:30:59, 116
13:30:59, 68
13:30:59, 13
13:30:59, -17
13:30:59, 19
13:30:59, 100
13:30:59, 165
13:30:59, 165
13:30:59, 132
13:30:59, 123
13:30:59, 139
13:30:59, 152
13:30:59, 163
13:30:59, 162
13:30:59, 147
13:30:59, 128
13:30:59, 87
13:30:59, 39
13:30:59, 7
13:30:59, 3
13:30:59, 20
13:30:59, 43
13:30:59, 57
13:30:59, 70
13:30:59, 85
13:30:59, 98
13:30:59, 90
13:30:59, 66
13:30:59, 48
13:30:59, 45
13:30:59, 49
13:30:59, 49
13:30:59, 53
13:30:59, 58
13:30:59, 51
13:30:59, 28
13:30:59, 8
13:30:59, 6
13:30:59, 28
13:30:59, 51
13:30:59, 57
13:30:59, 41
13:30:59, 27
13:30:59, 33
13:30:59, 36
13:30:59, 41
13:30:59, 49
13:30:59, 42
13:30:59, 20
13:30:59, 3
13:30:59, -3
13:30:59, -7
13:30:59, -17
13:30:59, -10
13:30:59, 8
13:30:59, 19
13:30:59, 21
13:30:59, 32
13:30:59, 33
13:30:59, 24
13:30:59, 21
13:30:59, 16
13:30:59, 17
13:30:59, 32
13:30:59, 51
13:30:59, 56
13:30:59, 53
13:30:59, 53
13:30:59, 58
13:30:59, 65
13:30:59, 48
13:30:59, 17
13:30:59, 3
13:30:59, 9
13:30:59, 21
13:30:59, 21
13:30:59, 12
13:30:59, 19
13:30:59, 41
13:30:59, 57
13:30:59, 58
13:30:59, 45
13:30:59, 26
13:30:59, 23
13:30:59, 26
13:30:59, 34
13:30:59, 34
13:30:59, 17
13:30:59, 19
13:30:59, 34
13:30:59, 34
13:30:59, 42
13:30:59, 53
13:30:59, 61
13:30:59, 70
13:30:59, 60
13:30:59, 28
13:30:59, 6
13:30:59, 0
13:30:59, 2
13:30:59, 4
13:30:59, -3
13:30:59, -8
13:30:59, 4
13:30:59, 37
13:30:59, 55
13:30:59, 50
13:30:59, 43
13:30:59, 42
13:30:59, 48
13:30:59, 59
13:30:59, 70
13:30:59, 67
13:30:59, 67
13:30:59, 74
13:30:59, 70
13:30:59, 44
13:30:59, 28
13:30:59, 42
13:30:59, 69
13:30:59, 80
13:30:59, 72
13:30:59, 58
13:30:59, 40
13:30:59, 21
13:30:59, 10
13:30:59, -1
13:30:59, -30
13:30:59, -78
13:30:59, -122
13:30:59, -140
13:30:59, -97
13:30:59, 18
13:30:59, 128
13:30:59, 165
13:30:59, 154
13:30:59, 153
13:30:59, 172
13:30:59, 184
13:30:59, 180
13:30:59, 162
13:30:59, 149
13:30:59, 130
13:30:59, 92
13:30:59, 59
13:30:59, 55
13:30:59, 81
13:30:59, 119
13:30:59, 155
13:30:59, 183
13:30:59, 188
13:30:59, 155
13:30:59, 101
13:30:59, 45
13:30:59, 9
13:30:59, -4
13:30:59, 1
13:30:59, 7
13:30:59, 9
13:30:59, 20
13:30:59, 32
13:30:59, 19
13:30:59, -8
13:30:59, -30
13:30:59, -34
13:30:59, -20
13:30:59, -7
13:30:59, -11
13:30:59, -21
13:30:59, -9
13:30:59, 6
13:30:59, 11
13:30:59, 11
13:30:59, 17
13:30:59, 22
13:30:59, 34
13:30:59, 42
13:30:59, 45
13:30:59, 48
13:30:59, 38
13:30:59, 12
13:30:59, -20
13:30:59, -51
13:30:59, -50
13:30:59, -40
13:30:59, -44
13:30:59, -35
13:30:59, -11
13:30:59, -2
13:30:59, 4
13:30:59, 16
13:30:59, 28
13:30:59, 45
13:30:59, 65
13:30:59, 57
13:30:59, 26
13:30:59, 2
13:30:59, -4
13:30:59, -19
13:30:59, -46
13:30:59, -73
13:30:59, -60
13:30:59, -3
13:30:59, 71
13:30:59, 116
13:30:59, 108
13:30:59, 85
13:30:59, 88
13:30:59, 116
13:30:59, 123
13:30:59, 113
13:30:59, 89
13:30:59, 81
13:30:59, 88
13:30:59, 105
13:30:59, 109
13:30:59, 97
13:30:59, 102
13:30:59, 116
13:30:59, 113
13:30:59, 104
13:30:59, 97
13:30:59, 73
13:30:59, 37
13:30:59, 20
13:30:59, 19
13:30:59, 12
13:30:59, 5
13:30:59, 10
13:30:59, 24
13:30:59, 22
13:30:59, 4
13:30:59, -6
13:30:59, 1
13:30:59, 23
13:30:59, 34
13:30:59, 22
13:30:59, 6
13:30:59, 1
13:30:59, 7
13:30:59, 23
13:30:59, 37
13:30:59, 43
13:31:00, 43
13:31:00, 33
13:31:00, 16
13:31:00, 5
13:31:00, 4
13:31:00, -9
13:31:00, -14
13:31:00, 8
13:31:00, 41
13:31:00, 41
13:31:00, 7
13:31:00, -21
13:31:00, -18
13:31:00, 3
13:31:00, 20
13:31:00, 24
13:31:00, 17
13:31:00, 1
13:31:00, -2
13:31:00, 24
13:31:00, 51
13:31:00, 57
13:31:00, 65
13:31:00, 68
13:31:00, 52
13:31:00, 22
13:31:00, 3
13:31:00, -7
13:31:00, -28
13:31:00, -39
13:31:00, -23
13:31:00, 3
13:31:00, 20
13:31:00, 32
13:31:00, 35
13:31:00, 33
13:31:00, 39
13:31:00, 70
13:31:00, 100
13:31:00, 112
13:31:00, 100
13:31:00, 73
13:31:00, 55
13:31:00, 59
13:31:00, 61
13:31:00, 48
13:31:00, 26
13:31:00, 17
13:31:00, 18
13:31:00, 9
13:31:00, -8
13:31:00, -20
13:31:00, -10
13:31:00, 16
13:31:00, 29
13:31:00, 32
13:31:00, 34
13:31:00, 41
13:31:00, 45
13:31:00, 29
13:31:00, 11
13:31:00, 9
13:31:00, 22
13:31:00, 54
13:31:00, 64
13:31:00, 41
13:31:00, 23
13:31:00, 25
13:31:00, 40
13:31:00, 51
13:31:00, 55
13:31:00, 60
13:31:00, 65
13:31:00, 61
13:31:00, 61
13:31:00, 60
13:31:00, 48
13:31:00, 27
13:31:00, 33
13:31:00, 52
13:31:00, 69
13:31:00, 72
13:31:00, 58
13:31:00, 28
13:31:00, 9
13:31:00, 4
13:31:00, -5
13:31:00, -25
13:31:00, -45
13:31:00, -58
13:31:00, -43
13:31:00, 5
13:31:00, 64
13:31:00, 101
13:31:00, 100
13:31:00, 81
13:31:00, 69
13:31:00, 80
13:31:00, 100
13:31:00, 99
13:31:00, 70
13:31:00, 28
13:31:00, 1
13:31:00, -2
13:31:00, 9
13:31:00, 18
13:31:00, 22
13:31:00, 43
13:31:00, 67
13:31:00, 65
13:31:00, 35
13:31:00, 16
13:31:00, 11
13:31:00, 12
13:31:00, 26
13:31:00, 45
13:31:00, 42
13:31:00, 17
13:31:00, 7
13:31:00, 37
13:31:00, 69
13:31:00, 76
13:31:00, 59
13:31:00, 33
13:31:00, 26
13:31:00, 59
13:31:00, 103
13:31:00, 118
13:31:00, 92
13:31:00, 37
13:31:00, 1
13:31:00, 4
13:31:00, 10
13:31:00, 9
13:31:00, 0
13:31:00, -10
13:31:00, 0
13:31:00, 18
13:31:00, 20
13:31:00, 18
13:31:00, 21
13:31:00, 33
13:31:00, 38
13:31:00, 38
13:31:00, 38
13:31:00, 34
13:31:00, 28
13:31:00, 27
13:31:00, 22
13:31:00, 21
13:31:00, 27
13:31:00, 32
13:31:00, 26
13:31:00, 22
13:31:00, 32
13:31:00, 41
13:31:00, 43
13:31:00, 33
13:31:00, 11
13:31:00, -8
13:31:00, -17
13:31:00, -2
13:31:00, 13
13:31:00, 8
13:31:00, 0
13:31:00, 9
13:31:00, 25
13:31:00, 38
13:31:00, 43
13:31:00, 49
13:31:00, 69
13:31:00, 97
13:31:00, 99
13:31:00, 61
13:31:00, 8
13:31:00, -22
13:31:00, -19
13:31:00, 3
13:31:00, 5
13:31:00, -6
13:31:00, 3
13:31:00, 22
13:31:00, 33
13:31:00, 44
13:31:00, 58
13:31:00, 65
13:31:00, 39
13:31:00, -3
13:31:00, -37
13:31:00, -24
13:31:00, 20
13:31:00, 59
13:31:00, 56
13:31:00, 37
13:31:00, 41
13:31:00, 73
13:31:00, 92
13:31:00, 100
13:31:00, 93
13:31:00, 74
13:31:00, 38
13:31:00, 4
13:31:00, 2
13:31:00, 34
13:31:00, 58
13:31:00, 57
13:31:00, 38
13:31:00, 20
13:31:00, 7
13:31:00, -2
13:31:00, -9
13:31:00, -13
13:31:00, -22
13:31:00, -24
13:31:00, -7
13:31:00, 8
13:31:00, 11
13:31:00, 9
13:31:00, 5
13:31:00, 4
13:31:00, 1
13:31:00, -24
13:31:00, -56
13:31:00, -75
13:31:00, -86
13:31:00, -91
13:31:00, -97
13:31:00, -97
13:31:00, -77
13:31:00, -55
13:31:00, -44
13:31:00, -55
13:31:00, -78
13:31:00, -103
13:31:00, -105
13:31:00, -93
13:31:00, -89
13:31:00, -89
13:31:00, -88
13:31:00, -54
13:31:00, -7
13:31:00, 11
13:31:00, 8
13:31:00, 3
13:31:00, 3
13:31:00, 0
13:31:00, 0
13:31:00, 4
13:31:00, -1
13:31:00, -3
13:31:00, 6
13:31:00, 16
13:31:00, 29
13:31:00, 36
13:31:00, 29
13:31:00, 33
13:31:00, 51
13:31:00, 70
13:31:00, 81
13:31:00, 81
13:31:00, 69
13:31:00, 76
13:31:00, 117
13:31:00, 155
13:31:00, 156
13:31:00, 131
13:31:00, 106
13:31:00, 103
13:31:00, 98
13:31:00, 89
13:31:00, 85
13:31:00, 74
13:31:00, 66
13:31:00, 66
13:31:00, 70
13:31:00, 57
13:31:00, 48
13:31:00, 51
13:31:00, 58
13:31:00, 68
13:31:00, 70
13:31:00, 64
13:31:00, 68
13:31:00, 67
13:31:00, 44
13:31:00, 19
13:31:00, 13
13:31:00, 33
13:31:00, 44
13:31:00, 26
13:31:00, 10
13:31:00, 25
13:31:00, 48
13:31:00, 66
13:31:00, 75
13:31:00, 76
13:31:00, 75
13:31:00, 75
13:31:00, 82
13:31:00, 91
13:31:00, 105
13:31:00, 109
13:31:00, 104
13:31:00, 96
13:31:00, 86
13:31:00, 91
13:31:00, 107
13:31:00, 105
13:31:00, 87
13:31:00, 82
13:31:00, 83
13:31:00, 80
13:31:00, 59
13:31:00, 42
13:31:00, 50
13:31:00, 81
13:31:00, 106
13:31:00, 99
13:31:00, 87
13:31:00, 96
13:31:00, 105
13:31:00, 103
13:31:00, 93
13:31:00, 99
13:31:00, 96
13:31:00, 73
13:31:00, 45
13:31:00, 36
13:31:00, 51
13:31:00, 74
13:31:00, 88
13:31:00, 83
13:31:00, 71
13:31:00, 59
13:31:00, 43
13:31:00, 32
13:31:00, 28
13:31:00, 35
13:31:00, 45
13:31:00, 52
13:31:00, 37
13:31:00, 27
13:31:00, 48
13:31:00, 70
13:31:00, 83
13:31:00, 93
13:31:00, 92
13:31:00, 75
13:31:00, 66
13:31:00, 69
13:31:00, 64
13:31:00, 38
13:31:00, 2
13:31:00, -34
13:31:00, -37
13:31:00, 5
13:31:00, 57
13:31:00, 77
13:31:00, 68
13:31:00, 52
13:31:00, 40
13:31:00, 42
13:31:00, 58
13:31:00, 82
13:31:00, 102
13:31:00, 112
13:31:00, 107
13:31:00, 98
13:31:00, 105
13:31:00, 118
13:31:00, 123
13:31:00, 136
13:31:00, 151
13:31:00, 145
13:31:00, 102
13:31:00, 54
13:31:00, 34
13:31:00, 32
13:31:00, 34
13:31:00, 25
13:31:00, 6
13:31:00, -5
13:31:00, -9
13:31:00, 2
13:31:00, 35
13:31:00, 42
13:31:00, 17
13:31:00, -19
13:31:00, -26
13:31:00, -12
13:31:00, 10
13:31:00, 51
13:31:00, 83
13:31:00, 102
13:31:00, 114
13:31:00, 109
13:31:00, 96
13:31:00, 69
13:31:00, 49
13:31:00, 52
13:31:00, 58
13:31:00, 56
13:31:00, 43
13:31:00, 34
13:31:00, 36
13:31:00, 36
13:31:00, 24
13:31:00, 24
13:31:00, 40
13:31:00, 50
13:31:00, 50
13:31:00, 44
13:31:00, 25
13:31:00, 9
13:31:00, -1
13:31:00, -9
13:31:00, 8
13:31:00, 51
13:31:00, 74
13:31:00, 66
13:31:00, 36
13:31:00, 16
13:31:00, 28
13:31:00, 69
13:31:00, 99
13:31:00, 98
13:31:00, 87
13:31:00, 84
13:31:00, 75
13:31:00, 59
13:31:00, 51
13:31:00, 54
13:31:00, 64
13:31:00, 55
13:31:00, 44
13:31:00, 42
13:31:00, 41
13:31:00, 38
13:31:00, 35
13:31:00, 32
13:31:00, 24
13:31:00, 21
13:31:00, 26
13:31:00, 35
13:31:00, 49
13:31:00, 50
13:31:00, 41
13:31:00, 39
13:31:00, 48
13:31:00, 42
13:31:00, 40
13:31:00, 39
13:31:00, 37
13:31:00, 34
13:31:00, 20
13:31:00, 3
13:31:00, -17
13:31:00, -23
13:31:00, 22
13:31:00, 92
13:31:00, 114
13:31:00, 91
13:31:00, 75
13:31:00, 73
13:31:00, 83
13:31:00, 87
13:31:00, 76
13:31:00, 59
13:31:00, 42
13:31:00, 26
13:31:00, 23
13:31:00, 25
13:31:00, 26
13:31:00, 27
13:31:00, 37
13:31:00, 60
13:31:00, 67
13:31:00, 44
13:31:00, 20
13:31:00, 3
13:31:00, -7
13:31:00, -12
13:31:00, 0
13:31:00, 21
13:31:00, 26
13:31:00, 38
13:31:00, 68
13:31:00, 98
13:31:00, 108
13:31:00, 108
13:31:00, 98
13:31:00, 76
13:31:00, 55
13:31:00, 42
13:31:00, 52
13:31:00, 66
13:31:00, 58
13:31:00, 41
13:31:00, 27
13:31:00, 24
13:31:00, 39
13:31:00, 58
13:31:00, 66
13:31:00, 61
13:31:00, 55
13:31:00, 39
13:31:00, 28
13:31:00, 39
13:31:00, 49
13:31:00, 56
13:31:00, 69
13:31:00, 65
13:31:00, 43
13:31:00, 10
13:31:00, -22
13:31:00, -23
13:31:00, 25
13:31:00, 84
13:31:00, 105
13:31:00, 92
13:31:00, 81
13:31:00, 75
13:31:00, 75
13:31:00, 84
13:31:01, 96
13:31:01, 101
13:31:01, 100
13:31:01, 76
13:31:01, 29
13:31:01, -4
13:31:01, -12
13:31:01, -4
13:31:01, 6
13:31:01, 27
13:31:01, 53
13:31:01, 60
13:31:01, 50
13:31:01, 36
13:31:01, 38
13:31:01, 55
13:31:01, 73
13:31:01, 76
13:31:01, 58
13:31:01, 43
13:31:01, 53
13:31:01, 55
13:31:01, 35
13:31:01, 19
13:31:01, 13
13:31:01, 24
13:31:01, 39
13:31:01, 49
13:31:01, 45
13:31:01, 50
13:31:01, 68
13:31:01, 89
13:31:01, 96
13:31:01, 86
13:31:01, 83
13:31:01, 87
13:31:01, 84
13:31:01, 73
13:31:01, 56
13:31:01, 38
13:31:01, 27
13:31:01, 34
13:31:01, 45
13:31:01, 51
13:31:01, 53
13:31:01, 54
13:31:01, 52
13:31:01, 45
13:31:01, 49
13:31:01, 52
13:31:01, 41
13:31:01, 29
13:31:01, 24
13:31:01, 24
13:31:01, 12
13:31:01, 12
13:31:01, 48
13:31:01, 87
13:31:01, 114
13:31:01, 113
13:31:01, 92
13:31:01, 82
13:31:01, 89
13:31:01, 89
13:31:01, 68
13:31:01, 49
13:31:01, 52
13:31:01, 59
13:31:01, 58
13:31:01, 49
13:31:01, 22
13:31:01, -9
13:31:01, -29
13:31:01, -23
13:31:01, 9
13:31:01, 43
13:31:01, 52
13:31:01, 33
13:31:01, 13
13:31:01, 19
13:31:01, 45
13:31:01, 80
13:31:01, 102
13:31:01, 99
13:31:01, 74
13:31:01, 51
13:31:01, 19
13:31:01, -3
13:31:01, -5
13:31:01, 16
13:31:01, 37
13:31:01, 39
13:31:01, 20
13:31:01, -7
13:31:01, -18
13:31:01, 2
13:31:01, 28
13:31:01, 43
13:31:01, 49
13:31:01, 41
13:31:01, 25
13:31:01, 19
13:31:01, 41
13:31:01, 81
13:31:01, 91
13:31:01, 64
13:31:01, 23
13:31:01, -2
13:31:01, -3
13:31:01, 16
13:31:01, 29
13:31:01, 22
13:31:01, 9
13:31:01, 10
13:31:01, 20
13:31:01, 33
13:31:01, 40
13:31:01, 37
13:31:01, 21
13:31:01, -3
13:31:01, -19
13:31:01, -37
13:31:01, -73
13:31:01, -82
13:31:01, -28
13:31:01, 40
13:31:01, 87
13:31:01, 101
13:31:01, 92
13:31:01, 99
13:31:01, 104
13:31:01, 93
13:31:01, 99
13:31:01, 109
13:31:01, 91
13:31:01, 52
13:31:01, 26
13:31:01, 36
13:31:01, 55
13:31:01, 69
13:31:01, 88
13:31:01, 116
13:31:01, 136
13:31:01, 131
13:31:01, 107
13:31:01, 84
13:31:01, 57
13:31:01, 32
13:31:01, 10
13:31:01, 2
13:31:01, -3
13:31:01, -1
13:31:01, 5
13:31:01, 23
13:31:01, 41
13:31:01, 40
13:31:01, 35
13:31:01, 50
13:31:01, 68
13:31:01, 61
13:31:01, 27
13:31:01, -3
13:31:01, -1
13:31:01, 35
13:31:01, 71
13:31:01, 85
13:31:01, 80
13:31:01, 68
13:31:01, 42
13:31:01, 5
13:31:01, -9
13:31:01, 6
13:31:01, 34
13:31:01, 51
13:31:01, 54
13:31:01, 43
13:31:01, 19
13:31:01, -1
13:31:01, 9
13:31:01, 34
13:31:01, 41
13:31:01, 37
13:31:01, 10
13:31:01, -23
13:31:01, -38
13:31:01, -26
13:31:01, -18
13:31:01, -39
13:31:01, -62
13:31:01, -56
13:31:01, -8
13:31:01, 42
13:31:01, 68
13:31:01, 60
13:31:01, 54
13:31:01, 67
13:31:01, 86
13:31:01, 83
13:31:01, 71
13:31:01, 87
13:31:01, 108
13:31:01, 103
13:31:01, 86
13:31:01, 73
13:31:01, 65
13:31:01, 55
13:31:01, 60
13:31:01, 53
13:31:01, 32
13:31:01, 33
13:31:01, 57
13:31:01, 71
13:31:01, 59
13:31:01, 44
13:31:01, 36
13:31:01, 26
13:31:01, 23
13:31:01, 29
13:31:01, 50
13:31:01, 66
13:31:01, 56
13:31:01, 34
13:31:01, 11
13:31:01, 8
13:31:01, 10
13:31:01, 4
13:31:01, 20
13:31:01, 59
13:31:01, 98
13:31:01, 108
13:31:01, 101
13:31:01, 86
13:31:01, 77
13:31:01, 98
13:31:01, 106
13:31:01, 91
13:31:01, 85
13:31:01, 80
13:31:01, 66
13:31:01, 57
13:31:01, 56
13:31:01, 54
13:31:01, 55
13:31:01, 66
13:31:01, 76
13:31:01, 81
13:31:01, 64
13:31:01, 25
13:31:01, -6
13:31:01, -33
13:31:01, -51
13:31:01, -62
13:31:01, -33
13:31:01, 37
13:31:01, 90
13:31:01, 104
13:31:01, 92
13:31:01, 80
13:31:01, 70
13:31:01, 83
13:31:01, 114
13:31:01, 113
13:31:01, 67
13:31:01, 23
13:31:01, 8
13:31:01, 9
13:31:01, 7
13:31:01, -6
13:31:01, -27
13:31:01, -43
13:31:01, -35
13:31:01, -18
13:31:01, -3
13:31:01, 19
13:31:01, 33
13:31:01, 21
13:31:01, -13
13:31:01, -61
13:31:01, -67
13:31:01, 10
13:31:01, 128
13:31:01, 200
13:31:01, 204
13:31:01, 168
13:31:01, 133
13:31:01, 117
13:31:01, 116
13:31:01, 133
13:31:01, 131
13:31:01, 97
13:31:01, 44
13:31:01, 10
13:31:01, 20
13:31:01, 42
13:31:01, 49
13:31:01, 48
13:31:01, 53
13:31:01, 70
13:31:01, 91
13:31:01, 102
13:31:01, 76
13:31:01, 35
13:31:01, 7
13:31:01, 8
13:31:01, 32
13:31:01, 44
13:31:01, 53
13:31:01, 59
13:31:01, 75
13:31:01, 82
13:31:01, 58
13:31:01, 29
13:31:01, 16
13:31:01, 0
13:31:01, -20
13:31:01, -28
13:31:01, -25
13:31:01, 1
13:31:01, 38
13:31:01, 58
13:31:01, 55
13:31:01, 44
13:31:01, 37
13:31:01, 28
13:31:01, 25
13:31:01, 19
13:31:01, 8
13:31:01, 0
13:31:01, -11
13:31:01, -9
13:31:01, 2
13:31:01, 3
13:31:01, 4
13:31:01, 7
13:31:01, 5
13:31:01, 12
13:31:01, 29
13:31:01, 38
13:31:01, 29
13:31:01, 23
13:31:01, 34
13:31:01, 42
13:31:01, 38
13:31:01, 33
13:31:01, 18
13:31:01, 1
13:31:01, -3
13:31:01, 4
13:31:01, 13
13:31:01, 27
13:31:01, 38
13:31:01, 37
13:31:01, 34
13:31:01, 29
13:31:01, 26
13:31:01, 17
13:31:01, 9
13:31:01, 12
13:31:01, 13
13:31:01, 11
13:31:01, 20
13:31:01, 29
13:31:01, 41
13:31:01, 57
13:31:01, 60
13:31:01, 53
13:31:01, 44
13:31:01, 45
13:31:01, 45
13:31:01, 42
13:31:01, 45
13:31:01, 53
13:31:01, 52
13:31:01, 51
13:31:01, 45
13:31:01, 23
13:31:01, 8
13:31:01, 23
13:31:01, 43
13:31:01, 50
13:31:01, 37
13:31:01, 20
13:31:01, -6
13:31:01, -13
13:31:01, 10
13:31:01, 49
13:31:01, 75
13:31:01, 86
13:31:01, 87
13:31:01, 82
13:31:01, 76
13:31:01, 87
13:31:01, 104
13:31:01, 108
13:31:01, 101
13:31:01, 80
13:31:01, 60
13:31:01, 49
13:31:01, 29
13:31:01, 8
13:31:01, -7
13:31:01, -4
13:31:01, 18
13:31:01, 37
13:31:01, 37
13:31:01, 34
13:31:01, 41
13:31:01, 58
13:31:01, 59
13:31:01, 41
13:31:01, 35
13:31:01, 38
13:31:01, 35
13:31:01, 28
13:31:01, 22
13:31:01, 21
13:31:01, 22
13:31:01, 26
13:31:01, 36
13:31:01, 42
13:31:01, 48
13:31:01, 55
13:31:01, 66
13:31:01, 57
13:31:01, 37
13:31:01, 32
13:31:01, 37
13:31:01, 51
13:31:01, 53
13:31:01, 49
13:31:01, 44
13:31:01, 39
13:31:01, 22
13:31:01, 19
13:31:01, 29
13:31:01, 42
13:31:01, 48
13:31:01, 32
13:31:01, 5
13:31:01, -10
13:31:01, -1
13:31:01, 18
13:31:01, 35
13:31:01, 50
13:31:01, 67
13:31:01, 72
13:31:01, 51
13:31:01, 11
13:31:01, -18
13:31:01, -7
13:31:01, 27
13:31:01, 42
13:31:01, 37
13:31:01, 34
13:31:01, 34
13:31:01, 45
13:31:01, 67
13:31:01, 73
13:31:01, 52
13:31:01, 33
13:31:01, 35
13:31:01, 50
13:31:01, 67
13:31:01, 72
13:31:01, 64
13:31:01, 42
13:31:01, 34
13:31:01, 37
13:31:01, 44
13:31:01, 39
13:31:01, 25
13:31:01, 18
13:31:01, 11
13:31:01, 17
13:31:01, 34
13:31:01, 54
13:31:01, 77
13:31:01, 87
13:31:01, 77
13:31:01, 66
13:31:01, 64
13:31:01, 66
13:31:01, 65
13:31:01, 38
13:31:01, -10
13:31:01, -74
13:31:01, -114
13:31:01, -82
13:31:01, 5
13:31:01, 83
13:31:01, 113
13:31:01, 93
13:31:01, 55
13:31:01, 40
13:31:01, 67
13:31:01, 92
13:31:01, 75
13:31:01, 35
13:31:01, 8
13:31:01, 4
13:31:01, 0
13:31:01, -10
13:31:01, -28
13:31:01, -34
13:31:01, -7
13:31:01, 25
13:31:01, 42
13:31:01, 43
13:31:01, 20
13:31:01, -12
13:31:01, -27
13:31:01, -13
13:31:01, 4
13:31:01, 20
13:31:01, 23
13:31:02, 12
13:31:02, 5
13:31:02, 4
13:31:02, -5
13:31:02, -25
13:31:02, -26
13:31:02, -6
13:31:02, 8
13:31:02, 12
13:31:02, 17
13:31:02, 32
13:31:02, 50
13:31:02, 61
13:31:02, 76
13:31:02, 91
13:31:02, 85
13:31:02, 57
13:31:02, 40
13:31:02, 39
13:31:02, 38
13:31:02, 28
13:31:02, 23
13:31:02, 34
13:31:02, 40
13:31:02, 38
13:31:02, 39
13:31:02, 45
13:31:02, 49
13:31:02, 50
13:31:02, 52
13:31:02, 48
13:31:02, 29
13:31:02, 6
13:31:02, 0
13:31:02, 19
13:31:02, 40
13:31:02, 49
13:31:02, 50
13:31:02, 64
13:31:02, 81
13:31:02, 83
13:31:02, 75
13:31:02, 75
13:31:02, 85
13:31:02, 90
13:31:02, 88
13:31:02, 89
13:31:02, 86
13:31:02, 75
13:31:02, 56
13:31:02, 41
13:31:02, 49
13:31:02, 66
13:31:02, 60
13:31:02, 41
13:31:02, 33
13:31:02, 36
13:31:02, 50
13:31:02, 67
13:31:02, 75
13:31:02, 84
13:31:02, 85
13:31:02, 81
13:31:02, 87
13:31:02, 106
13:31:02, 105
13:31:02, 84
13:31:02, 74
13:31:02, 87
13:31:02, 96
13:31:02, 85
13:31:02, 65
13:31:02, 56
13:31:02, 50
13:31:02, 37
13:31:02, 24
13:31:02, 18
13:31:02, 24
13:31:02, 29
13:31:02, 32
13:31:02, 29
13:31:02, 39
13:31:02, 50
13:31:02, 44
13:31:02, 33
13:31:02, 32
13:31:02, 43
13:31:02, 64
13:31:02, 76
13:31:02, 72
13:31:02, 45
13:31:02, 38
13:31:02, 53
13:31:02, 68
13:31:02, 74
13:31:02, 69
13:31:02, 42
13:31:02, 21
13:31:02, 21
13:31:02, 27
13:31:02, 16
13:31:02, -26
13:31:02, -81
13:31:02, -110
13:31:02, -92
13:31:02, -23
13:31:02, 50
13:31:02, 70
13:31:02, 33
13:31:02, -6
13:31:02, -4
13:31:02, 37
13:31:02, 72
13:31:02, 75
13:31:02, 49
13:31:02, 10
13:31:02, -3
13:31:02, 11
13:31:02, 53
13:31:02, 97
13:31:02, 115
13:31:02, 112
13:31:02, 101
13:31:02, 93
13:31:02, 96
13:31:02, 97
13:31:02, 96
13:31:02, 80
13:31:02, 52
13:31:02, 39
13:31:02, 38
13:31:02, 36
13:31:02, 36
13:31:02, 51
13:31:02, 77
13:31:02, 85
13:31:02, 59
13:31:02, 19
13:31:02, -7
13:31:02, -2
13:31:02, 10
13:31:02, 7
13:31:02, 18
13:31:02, 45
13:31:02, 66
13:31:02, 68
13:31:02, 69
13:31:02, 67
13:31:02, 43
13:31:02, 26
13:31:02, 24
13:31:02, 28
13:31:02, 34
13:31:02, 38
13:31:02, 34
13:31:02, 22
13:31:02, 11
13:31:02, 20
13:31:02, 24
13:31:02, 9
13:31:02, 1
13:31:02, 18
13:31:02, 33
13:31:02, 29
13:31:02, 16
13:31:02, 5
13:31:02, 10
13:31:02, 29
13:31:02, 44
13:31:02, 51
13:31:02, 41
13:31:02, 19
13:31:02, 2
13:31:02, -6
13:31:02, -7
13:31:02, 6
13:31:02, 17
13:31:02, 21
13:31:02, 35
13:31:02, 51
13:31:02, 59
13:31:02, 49
13:31:02, 26
13:31:02, 26
13:31:02, 49
13:31:02, 67
13:31:02, 54
13:31:02, 24
13:31:02, 25
13:31:02, 51
13:31:02, 72
13:31:02, 85
13:31:02, 84
13:31:02, 74
13:31:02, 51
13:31:02, 20
13:31:02, 7
13:31:02, 17
13:31:02, 43
13:31:02, 69
13:31:02, 74
13:31:02, 71
13:31:02, 73
13:31:02, 77
13:31:02, 82
13:31:02, 80
13:31:02, 81
13:31:02, 82
13:31:02, 73
13:31:02, 71
13:31:02, 67
13:31:02, 40
13:31:02, 20
13:31:02, 25
13:31:02, 37
13:31:02, 36
13:31:02, 41
13:31:02, 48
13:31:02, 52
13:31:02, 67
13:31:02, 75
13:31:02, 61
13:31:02, 44
13:31:02, 23
13:31:02, -6
13:31:02, -30
13:31:02, -43
13:31:02, -14
13:31:02, 44
13:31:02, 108
13:31:02, 122
13:31:02, 90
13:31:02, 52
13:31:02, 23
13:31:02, 12
13:31:02, 27
13:31:02, 33
13:31:02, 10
13:31:02, -24
13:31:02, -52
13:31:02, -73
13:31:02, -89
13:31:02, -85
13:31:02, -55
13:31:02, -20
13:31:02, -12
13:31:02, -34
13:31:02, -55
13:31:02, -66
13:31:02, -62
13:31:02, -51
13:31:02, -30
13:31:02, -9
13:31:02, 16
13:31:02, 41
13:31:02, 53
13:31:02, 49
13:31:02, 40
13:31:02, 29
13:31:02, 16
13:31:02, -11
13:31:02, -35
13:31:02, -29
13:31:02, 9
13:31:02, 49
13:31:02, 51
13:31:02, 41
13:31:02, 49
13:31:02, 61
13:31:02, 64
13:31:02, 50
13:31:02, 41
13:31:02, 48
13:31:02, 56
13:31:02, 58
13:31:02, 38
13:31:02, 24
13:31:02, 38
13:31:02, 65
13:31:02, 85
13:31:02, 87
13:31:02, 73
13:31:02, 53
13:31:02, 39
13:31:02, 40
13:31:02, 43
13:31:02, 41
13:31:02, 42
13:31:02, 41
13:31:02, 55
13:31:02, 76
13:31:02, 77
13:31:02, 67
13:31:02, 48
13:31:02, 50
13:31:02, 67
13:31:02, 65
13:31:02, 44
13:31:02, 26
13:31:02, 16
13:31:02, 12
13:31:02, 37
13:31:02, 73
13:31:02, 98
13:31:02, 107
13:31:02, 106
13:31:02, 92
13:31:02, 88
13:31:02, 101
13:31:02, 108
13:31:02, 102
13:31:02, 96
13:31:02, 88
13:31:02, 80
13:31:02, 58
13:31:02, 39
13:31:02, 18
13:31:02, 6
13:31:02, 28
13:31:02, 58
13:31:02, 54
13:31:02, 35
13:31:02, 34
13:31:02, 41
13:31:02, 43
13:31:02, 54
13:31:02, 65
13:31:02, 51
13:31:02, 37
13:31:02, 41
13:31:02, 56
13:31:02, 51
13:31:02, 28
13:31:02, 25
13:31:02, 41
13:31:02, 59
13:31:02, 67
13:31:02, 58
13:31:02, 48
13:31:02, 57
13:31:02, 76
13:31:02, 80
13:31:02, 68
13:31:02, 59
13:31:02, 56
13:31:02, 52
13:31:02, 53
13:31:02, 40
13:31:02, 22
13:31:02, 4
13:31:02, -7
13:31:02, -5
13:31:02, 13
13:31:02, 33
13:31:02, 41
13:31:02, 36
13:31:02, 23
13:31:02, 29
13:31:02, 51
13:31:02, 60
13:31:02, 58
13:31:02, 44
13:31:02, 34
13:31:02, 26
13:31:02, 28
13:31:02, 34
13:31:02, 39
13:31:02, 55
13:31:02, 70
13:31:02, 64
13:31:02, 48
13:31:02, 43
13:31:02, 45
13:31:02, 57
13:31:02, 64
13:31:02, 44
13:31:02, 33
13:31:02, 42
13:31:02, 58
13:31:02, 73
13:31:02, 87
13:31:02, 96
13:31:02, 91
13:31:02, 96
13:31:02, 105
13:31:02, 96
13:31:02, 68
13:31:02, 59
13:31:02, 61
13:31:02, 56
13:31:02, 50
13:31:02, 53
13:31:02, 56
13:31:02, 66
13:31:02, 81
13:31:02, 92
13:31:02, 89
13:31:02, 71
13:31:02, 44
13:31:02, 25
13:31:02, 16
13:31:02, 16
13:31:02, 26
13:31:02, 50
13:31:02, 66
13:31:02, 75
13:31:02, 84
13:31:02, 84
13:31:02, 81
13:31:02, 73
13:31:02, 74
13:31:02, 84
13:31:02, 77
13:31:02, 57
13:31:02, 57
13:31:02, 75
13:31:02, 84
13:31:02, 69
13:31:02, 49
13:31:02, 37
13:31:02, 29
13:31:02, 23
13:31:02, 25
13:31:02, 20
13:31:02, 2
13:31:02, -12
13:31:02, -23
13:31:02, -19
13:31:02, -9
13:31:02, -13
13:31:02, -29
13:31:02, -42
13:31:02, -46
13:31:02, -41
13:31:02, -22
13:31:02, 12
13:31:02, 56
13:31:02, 74
13:31:02, 57
13:31:02, 33
13:31:02, 25
13:31:02, 34
13:31:02, 35
13:31:02, 26
13:31:02, 37
13:31:02, 55
13:31:02, 70
13:31:02, 83
13:31:02, 77
13:31:02, 60
13:31:02, 34
13:31:02, 32
13:31:02, 57
13:31:02, 92
13:31:02, 112
13:31:02, 105
13:31:02, 84
13:31:02, 68
13:31:02, 56
13:31:02, 51
13:31:02, 56
13:31:02, 64
13:31:02, 61
13:31:02, 52
13:31:02, 41
13:31:02, 38
13:31:02, 42
13:31:02, 42
13:31:02, 36
13:31:02, 27
13:31:02, 32
13:31:02, 43
13:31:02, 52
13:31:02, 56
13:31:02, 60
13:31:02, 56
13:31:02, 49
13:31:02, 41
13:31:02, 32
13:31:02, 19
13:31:02, 3
13:31:02, -8
13:31:02, -7
13:31:02, 5
13:31:02, 6
13:31:02, -1
13:31:02, 1
13:31:02, 22
13:31:02, 45
13:31:02, 54
13:31:02, 51
13:31:02, 48
13:31:02, 64
13:31:02, 96
13:31:02, 115
13:31:02, 98
13:31:02, 40
13:31:02, -23
13:31:02, -52
13:31:02, -41
13:31:02, -7
13:31:02, 23
13:31:02, 43
13:31:02, 74
13:31:02, 104
13:31:02, 116
13:31:02, 120
13:31:02, 123
13:31:03, 137
13:31:03, 138
13:31:03, 93
13:31:03, 18
13:31:03, -21
13:31:03, 0
13:31:03, 61
13:31:03, 128
13:31:03, 161
13:31:03, 154
13:31:03, 135
13:31:03, 133
13:31:03, 167
13:31:03, 211
13:31:03, 221
13:31:03, 199
13:31:03, 176
13:31:03, 165
13:31:03, 192
13:31:03, 243
13:31:03, 284
13:31:03, 289
13:31:03, 273
13:31:03, 264
13:31:03, 266
13:31:03, 260
13:31:03, 236
13:31:03, 196
13:31:03, 132
13:31:03, 68
13:31:03, 39
13:31:03, 35
13:31:03, 39
13:31:03, 50
13:31:03, 61
13:31:03, 45
13:31:03, 7
13:31:03, -21
13:31:03, -17
13:31:03, 13
13:31:03, 37
13:31:03, 28
13:31:03, 2
13:31:03, -9
13:31:03, 11
13:31:03, 44
13:31:03, 54
13:31:03, 37
13:31:03, 21
13:31:03, 7
13:31:03, -6
13:31:03, -8
13:31:03, -2
13:31:03, 1
13:31:03, 7
13:31:03, 8
13:31:03, 3
13:31:03, 2
13:31:03, -6
13:31:03, -18
13:31:03, -19
13:31:03, -24
13:31:03, -36
13:31:03, -54
13:31:03, -50
13:31:03, -25
13:31:03, -12
13:31:03, -25
13:31:03, -54
13:31:03, -70
13:31:03, -70
13:31:03, -55
13:31:03, -38
13:31:03, -22
13:31:03, -3
13:31:03, 8
13:31:03, -6
13:31:03, -27
13:31:03, -35
13:31:03, -29
13:31:03, -13
13:31:03, 5
13:31:03, 20
13:31:03, 20
13:31:03, 8
13:31:03, 6
13:31:03, 25
13:31:03, 58
13:31:03, 80
13:31:03, 54
13:31:03, 4
13:31:03, -21
13:31:03, -8
13:31:03, 11
13:31:03, 13
13:31:03, 2
13:31:03, -9
13:31:03, -8
13:31:03, 6
13:31:03, 24
13:31:03, 37
13:31:03, 39
13:31:03, 33
13:31:03, 18
13:31:03, 2
13:31:03, -8
13:31:03, -14
13:31:03, -18
13:31:03, -19
13:31:03, -14
13:31:03, -10
13:31:03, -7
13:31:03, 4
13:31:03, 23
13:31:03, 36
13:31:03, 35
13:31:03, 26
13:31:03, 17
13:31:03, 10
13:31:03, 25
13:31:03, 49
13:31:03, 58
13:31:03, 56
13:31:03, 53
13:31:03, 53
13:31:03, 43
13:31:03, 43
13:31:03, 49
13:31:03, 44
13:31:03, 48
13:31:03, 53
13:31:03, 44
13:31:03, 26
13:31:03, 12
13:31:03, 3
13:31:03, 0
13:31:03, -4
13:31:03, -11
13:31:03, -22
13:31:03, -19
13:31:03, -17
13:31:03, -25
13:31:03, -34
13:31:03, -17
13:31:03, 11
13:31:03, 35
13:31:03, 34
13:31:03, 22
13:31:03, 17
13:31:03, 1
13:31:03, -34
13:31:03, -68
13:31:03, -67
13:31:03, -8
13:31:03, 55
13:31:03, 84
13:31:03, 77
13:31:03, 81
13:31:03, 92
13:31:03, 96
13:31:03, 87
13:31:03, 80
13:31:03, 70
13:31:03, 53
13:31:03, 22
13:31:03, -10
13:31:03, -43
13:31:03, -50
13:31:03, -13
13:31:03, 29
13:31:03, 60
13:31:03, 57
13:31:03, 37
13:31:03, 34
13:31:03, 58
13:31:03, 84
13:31:03, 88
13:31:03, 70
13:31:03, 44
13:31:03, 28
13:31:03, 8
13:31:03, 5
13:31:03, 21
13:31:03, 32
13:31:03, 35
13:31:03, 38
13:31:03, 49
13:31:03, 49
13:31:03, 36
13:31:03, 21
13:31:03, 5
13:31:03, 16
13:31:03, 44
13:31:03, 60
13:31:03, 59
13:31:03, 40
13:31:03, 25
13:31:03, 29
13:31:03, 58
13:31:03, 88
13:31:03, 100
13:31:03, 92
13:31:03, 75
13:31:03, 67
13:31:03, 65
13:31:03, 57
13:31:03, 48
13:31:03, 43
13:31:03, 53
13:31:03, 70
13:31:03, 73
13:31:03, 65
13:31:03, 66
13:31:03, 73
13:31:03, 71
13:31:03, 70
13:31:03, 66
13:31:03, 58
13:31:03, 70
13:31:03, 91
13:31:03, 88
13:31:03, 60
13:31:03, 43
13:31:03, 44
13:31:03, 44
13:31:03, 33
13:31:03, 10
13:31:03, -9
13:31:03, -26
13:31:03, -17
13:31:03, 9
13:31:03, 3
13:31:03, -30
13:31:03, -53
13:31:03, -35
13:31:03, 16
13:31:03, 68
13:31:03, 85
13:31:03, 75
13:31:03, 64
13:31:03, 49
13:31:03, 37
13:31:03, 40
13:31:03, 52
13:31:03, 50
13:31:03, 42
13:31:03, 38
13:31:03, 37
13:31:03, 43
13:31:03, 50
13:31:03, 48
13:31:03, 53
13:31:03, 75
13:31:03, 92
13:31:03, 89
13:31:03, 72
13:31:03, 52
13:31:03, 36
13:31:03, 22
13:31:03, 7
13:31:03, 1
13:31:03, 8
13:31:03, 21
13:31:03, 29
13:31:03, 23
13:31:03, 2
13:31:03, -6
13:31:03, -4
13:31:03, -19
13:31:03, -40
13:31:03, -45
13:31:03, -50
13:31:03, -45
13:31:03, -30
13:31:03, -7
13:31:03, 5
13:31:03, 6
13:31:03, 22
13:31:03, 37
13:31:03, 40
13:31:03, 42
13:31:03, 57
13:31:03, 69
13:31:03, 53
13:31:03, 32
13:31:03, 21
13:31:03, 17
13:31:03, 20
13:31:03, 24
13:31:03, 13
13:31:03, -12
13:31:03, -42
13:31:03, -62
13:31:03, -72
13:31:03, -72
13:31:03, -65
13:31:03, -28
13:31:03, 23
13:31:03, 60
13:31:03, 64
13:31:03, 45
13:31:03, 32
13:31:03, 22
13:31:03, 17
13:31:03, 23
13:31:03, 34
13:31:03, 28
13:31:03, 5
13:31:03, -20
13:31:03, -27
13:31:03, -21
13:31:03, -11
13:31:03, -9
13:31:03, -18
13:31:03, -17
13:31:03, 4
13:31:03, 17
13:31:03, 4
13:31:03, -12
13:31:03, -25
13:31:03, -35
13:31:03, -25
13:31:03, -1
13:31:03, 16
13:31:03, 22
13:31:03, 22
13:31:03, 8
13:31:03, -6
13:31:03, -2
13:31:03, 16
13:31:03, 32
13:31:03, 33
13:31:03, 33
13:31:03, 37
13:31:03, 41
13:31:03, 45
13:31:03, 57
13:31:03, 67
13:31:03, 64
13:31:03, 51
13:31:03, 49
13:31:03, 49
13:31:03, 43
13:31:03, 34
13:31:03, 18
13:31:03, 7
13:31:03, 18
13:31:03, 51
13:31:03, 80
13:31:03, 77
13:31:03, 53
13:31:03, 33
13:31:03, 38
13:31:03, 67
13:31:03, 80
13:31:03, 69
13:31:03, 51
13:31:03, 42
13:31:03, 54
13:31:03, 72
13:31:03, 82
13:31:03, 81
13:31:03, 71
13:31:03, 68
13:31:03, 74
13:31:03, 82
13:31:03, 69
13:31:03, 49
13:31:03, 40
13:31:03, 40
13:31:03, 37
13:31:03, 36
13:31:03, 42
13:31:03, 59
13:31:03, 83
13:31:03, 89
13:31:03, 81
13:31:03, 72
13:31:03, 69
13:31:03, 75
13:31:03, 87
13:31:03, 98
13:31:03, 96
13:31:03, 81
13:31:03, 60
13:31:03, 44
13:31:03, 36
13:31:03, 43
13:31:03, 53
13:31:03, 51
13:31:03, 53
13:31:03, 59
13:31:03, 64
13:31:03, 74
13:31:03, 104
13:31:03, 129
13:31:03, 133
13:31:03, 121
13:31:03, 97
13:31:03, 70
13:31:03, 60
13:31:03, 55
13:31:03, 23
13:31:03, -21
13:31:03, -45
13:31:03, -34
13:31:03, 22
13:31:03, 92
13:31:03, 119
13:31:03, 87
13:31:03, 67
13:31:03, 86
13:31:03, 122
13:31:03, 125
13:31:03, 106
13:31:03, 97
13:31:03, 92
13:31:03, 88
13:31:03, 71
13:31:03, 40
13:31:03, 17
13:31:03, 8
13:31:03, 12
13:31:03, 23
13:31:03, 37
13:31:03, 50
13:31:03, 48
13:31:03, 29
13:31:03, 18
13:31:03, 21
13:31:03, 40
13:31:03, 66
13:31:03, 69
13:31:03, 52
13:31:03, 51
13:31:03, 60
13:31:03, 58
13:31:03, 45
13:31:03, 26
13:31:03, 6
13:31:03, 16
13:31:03, 55
13:31:03, 84
13:31:03, 80
13:31:03, 61
13:31:03, 56
13:31:03, 68
13:31:03, 89
13:31:03, 98
13:31:03, 97
13:31:03, 91
13:31:03, 86
13:31:03, 86
13:31:03, 84
13:31:03, 75
13:31:03, 71
13:31:03, 82
13:31:03, 96
13:31:03, 103
13:31:03, 109
13:31:03, 118
13:31:03, 108
13:31:03, 80
13:31:03, 53
13:31:03, 51
13:31:03, 60
13:31:03, 76
13:31:03, 80
13:31:03, 74
13:31:03, 89
13:31:03, 119
13:31:03, 131
13:31:03, 121
13:31:03, 124
13:31:03, 130
13:31:03, 121
13:31:03, 104
13:31:03, 82
13:31:03, 59
13:31:03, 38
13:31:03, 21
13:31:03, 12
13:31:03, 16
13:31:03, 35
13:31:03, 48
13:31:03, 41
13:31:03, 41
13:31:03, 49
13:31:03, 57
13:31:03, 59
13:31:03, 49
13:31:03, 37
13:31:03, 29
13:31:03, 37
13:31:03, 36
13:31:03, 17
13:31:03, 11
13:31:03, 32
13:31:03, 44
13:31:03, 33
13:31:03, 9
13:31:03, -2
13:31:03, -1
13:31:03, -1
13:31:03, -4
13:31:03, -3
13:31:03, -9
13:31:03, -20
13:31:03, -23
13:31:03, -20
13:31:03, -1
13:31:03, 26
13:31:03, 19
13:31:03, -19
13:31:03, -39
13:31:03, -29
13:31:03, 16
13:31:03, 91
13:31:03, 130
13:31:03, 118
13:31:03, 99
13:31:03, 82
13:31:03, 59
13:31:03, 43
13:31:04, 44
13:31:04, 51
13:31:04, 40
13:31:04, 12
13:31:04, -21
13:31:04, -54
13:31:04, -46
13:31:04, -7
13:31:04, 18
13:31:04, 20
13:31:04, 27
13:31:04, 34
13:31:04, 17
13:31:04, 0
13:31:04, 2
13:31:04, 16
13:31:04, 27
13:31:04, 28
13:31:04, 13
13:31:04, 3
13:31:04, 10
13:31:04, 23
13:31:04, 28
13:31:04, 23
13:31:04, 16
13:31:04, 18
13:31:04, 25
13:31:04, 28
13:31:04, 24
13:31:04, 25
13:31:04, 40
13:31:04, 52
13:31:04, 54
13:31:04, 57
13:31:04, 68
13:31:04, 59
13:31:04, 27
13:31:04, 17
13:31:04, 36
13:31:04, 60
13:31:04, 67
13:31:04, 56
13:31:04, 56
13:31:04, 68
13:31:04, 75
13:31:04, 69
13:31:04, 52
13:31:04, 43
13:31:04, 45
13:31:04, 51
13:31:04, 54
13:31:04, 53
13:31:04, 50
13:31:04, 44
13:31:04, 50
13:31:04, 69
13:31:04, 84
13:31:04, 74
13:31:04, 60
13:31:04, 55
13:31:04, 39
13:31:04, 23
13:31:04, 33
13:31:04, 43
13:31:04, 39
13:31:04, 27
13:31:04, 26
13:31:04, 38
13:31:04, 51
13:31:04, 56
13:31:04, 45
13:31:04, 25
13:31:04, 22
13:31:04, 37
13:31:04, 43
13:31:04, 38
13:31:04, 27
13:31:04, 21
13:31:04, 19
13:31:04, 24
13:31:04, 27
13:31:04, 32
13:31:04, 29
13:31:04, 22
13:31:04, 23
13:31:04, 20
13:31:04, 23
13:31:04, 44
13:31:04, 66
13:31:04, 60
13:31:04, 45
13:31:04, 50
13:31:04, 69
13:31:04, 91
13:31:04, 88
13:31:04, 67
13:31:04, 59
13:31:04, 67
13:31:04, 57
13:31:04, 32
13:31:04, 12
13:31:04, 17
13:31:04, 28
13:31:04, 35
13:31:04, 34
13:31:04, 35
13:31:04, 42
13:31:04, 57
13:31:04, 61
13:31:04, 58
13:31:04, 57
13:31:04, 57
13:31:04, 54
13:31:04, 52
13:31:04, 54
13:31:04, 66
13:31:04, 84
13:31:04, 96
13:31:04, 88
13:31:04, 69
13:31:04, 55
13:31:04, 60
13:31:04, 58
13:31:04, 39
13:31:04, 38
13:31:04, 50
13:31:04, 51
13:31:04, 38
13:31:04, 12
13:31:04, -11
13:31:04, -38
13:31:04, -56
13:31:04, -86
13:31:04, -108
13:31:04, -76
13:31:04, -8
13:31:04, 35
13:31:04, 26
13:31:04, -13
13:31:04, -44
13:31:04, -37
13:31:04, -18
13:31:04, -21
13:31:04, -59
13:31:04, -106
13:31:04, -132
13:31:04, -139
13:31:04, -153
13:31:04, -172
13:31:04, -195
13:31:04, -194
13:31:04, -169
13:31:04, -150
13:31:04, -141
13:31:04, -147
13:31:04, -146
13:31:04, -133
13:31:04, -123
13:31:04, -114
13:31:04, -94
13:31:04, -73
13:31:04, -58
13:31:04, -57
13:31:04, -65
13:31:04, -77
13:31:04, -92
13:31:04, -92
13:31:04, -77
13:31:04, -71
13:31:04, -77
13:31:04, -66
13:31:04, -38
13:31:04, -5
13:31:04, 19
13:31:04, 26
13:31:04, 24
13:31:04, 13
13:31:04, 6
13:31:04, 10
13:31:04, 36
13:31:04, 48
13:31:04, 39
13:31:04, 41
13:31:04, 58
13:31:04, 72
13:31:04, 70
13:31:04, 71
13:31:04, 84
13:31:04, 89
13:31:04, 93
13:31:04, 93
13:31:04, 84
13:31:04, 76
13:31:04, 86
13:31:04, 87
13:31:04, 73
13:31:04, 65
13:31:04, 67
13:31:04, 83
13:31:04, 90
13:31:04, 84
13:31:04, 77
13:31:04, 89
13:31:04, 101
13:31:04, 104
13:31:04, 105
13:31:04, 112
13:31:04, 100
13:31:04, 83
13:31:04, 82
13:31:04, 92
13:31:04, 97
13:31:04, 91
13:31:04, 89
13:31:04, 86
13:31:04, 84
13:31:04, 96
13:31:04, 107
13:31:04, 116
13:31:04, 124
13:31:04, 132
13:31:04, 120
13:31:04, 112
13:31:04, 108
13:31:04, 109
13:31:04, 97
13:31:04, 89
13:31:04, 99
13:31:04, 104
13:31:04, 104
13:31:04, 106
13:31:04, 113
13:31:04, 113
13:31:04, 119
13:31:04, 129
13:31:04, 130
13:31:04, 117
13:31:04, 104
13:31:04, 88
13:31:04, 70
13:31:04, 55
13:31:04, 40
13:31:04, 36
13:31:04, 45
13:31:04, 73
13:31:04, 90
13:31:04, 88
13:31:04, 90
13:31:04, 100
13:31:04, 108
13:31:04, 112
13:31:04, 102
13:31:04, 88
13:31:04, 69
13:31:04, 60
13:31:04, 71
13:31:04, 77
13:31:04, 70
13:31:04, 66
13:31:04, 65
13:31:04, 60
13:31:04, 53
13:31:04, 40
13:31:04, 40
13:31:04, 52
13:31:04, 69
13:31:04, 90
13:31:04, 98
13:31:04, 86
13:31:04, 81
13:31:04, 88
13:31:04, 104
13:31:04, 108
13:31:04, 100
13:31:04, 87
13:31:04, 75
13:31:04, 65
13:31:04, 45
13:31:04, 35
13:31:04, 38
13:31:04, 43
13:31:04, 54
13:31:04, 54
13:31:04, 42
13:31:04, 44
13:31:04, 59
13:31:04, 69
13:31:04, 83
13:31:04, 102
13:31:04, 117
13:31:04, 117
13:31:04, 103
13:31:04, 85
13:31:04, 64
13:31:04, 48
13:31:04, 35
13:31:04, 43
13:31:04, 85
13:31:04, 120
13:31:04, 103
13:31:04, 60
13:31:04, 55
13:31:04, 70
13:31:04, 64
13:31:04, 44
13:31:04, 34
13:31:04, 29
13:31:04, 32
13:31:04, 26
13:31:04, 28
13:31:04, 39
13:31:04, 49
13:31:04, 58
13:31:04, 60
13:31:04, 48
13:31:04, 39
13:31:04, 44
13:31:04, 44
13:31:04, 37
13:31:04, 39
13:31:04, 52
13:31:04, 49
13:31:04, 36
13:31:04, 34
13:31:04, 38
13:31:04, 51
13:31:04, 68
13:31:04, 71
13:31:04, 60
13:31:04, 59
13:31:04, 72
13:31:04, 84
13:31:04, 86
13:31:04, 84
13:31:04, 74
13:31:04, 72
13:31:04, 81
13:31:04, 85
13:31:04, 83
13:31:04, 82
13:31:04, 75
13:31:04, 71
13:31:04, 53
13:31:04, 27
13:31:04, 21
13:31:04, 24
13:31:04, 35
13:31:04, 42
13:31:04, 36
13:31:04, 28
13:31:04, 26
13:31:04, 29
13:31:04, 42
13:31:04, 57
13:31:04, 68
13:31:04, 70
13:31:04, 68
13:31:04, 75
13:31:04, 83
13:31:04, 81
13:31:04, 87
13:31:04, 91
13:31:04, 87
13:31:04, 72
13:31:04, 53
13:31:04, 38
13:31:04, 36
13:31:04, 42
13:31:04, 48
13:31:04, 37
13:31:04, 24
13:31:04, 21
13:31:04, 21
13:31:04, 21
13:31:04, 36
13:31:04, 48
13:31:04, 40
13:31:04, 36
13:31:04, 48
13:31:04, 67
13:31:04, 80
13:31:04, 65
13:31:04, 48
13:31:04, 38
13:31:04, 42
13:31:04, 54
13:31:04, 58
13:31:04, 55
13:31:04, 64
13:31:04, 72
13:31:04, 67
13:31:04, 67
13:31:04, 72
13:31:04, 71
13:31:04, 69
13:31:04, 73
13:31:04, 72
13:31:04, 52
13:31:04, 36
13:31:04, 36
13:31:04, 36
13:31:04, 35
13:31:04, 32
13:31:04, 23
13:31:04, 18
13:31:04, 24
13:31:04, 49
13:31:04, 59
13:31:04, 51
13:31:04, 48
13:31:04, 50
13:31:04, 43
13:31:04, 38
13:31:04, 35
13:31:04, 40
13:31:04, 52
13:31:04, 54
13:31:04, 41
13:31:04, 35
13:31:04, 42
13:31:04, 53
13:31:04, 60
13:31:04, 60
13:31:04, 39
13:31:04, 17
13:31:04, 11
13:31:04, 10
13:31:04, 9
13:31:04, 11
13:31:04, 21
13:31:04, 35
13:31:04, 27
13:31:04, 12
13:31:04, 22
13:31:04, 41
13:31:04, 50
13:31:04, 49
13:31:04, 52
13:31:04, 53
13:31:04, 50
13:31:04, 45
13:31:04, 35
13:31:04, 17
13:31:04, 1
13:31:04, -5
13:31:04, 18
13:31:04, 52
13:31:04, 89
13:31:04, 121
13:31:04, 129
13:31:04, 112
13:31:04, 103
13:31:04, 122
13:31:04, 154
13:31:04, 162
13:31:04, 138
13:31:04, 114
13:31:04, 104
13:31:04, 92
13:31:04, 65
13:31:04, 42
13:31:04, 51
13:31:04, 70
13:31:04, 71
13:31:04, 59
13:31:04, 49
13:31:04, 41
13:31:04, 28
13:31:04, 16
13:31:04, 18
13:31:04, 20
13:31:04, 7
13:31:04, -3
13:31:04, -5
13:31:04, 4
13:31:04, 23
13:31:04, 38
13:31:04, 39
13:31:04, 36
13:31:04, 26
13:31:04, 19
13:31:04, 10
13:31:04, 4
13:31:04, 8
13:31:04, 19
13:31:04, 25
13:31:04, 23
13:31:04, 16
13:31:04, 5
13:31:04, -2
13:31:04, 3
13:31:04, 27
13:31:04, 51
13:31:04, 50
13:31:04, 26
13:31:04, 6
13:31:04, 2
13:31:04, 10
13:31:04, 32
13:31:04, 42
13:31:04, 39
13:31:04, 38
13:31:04, 49
13:31:04, 48
13:31:05, 37
13:31:05, 41
13:31:05, 59
13:31:05, 64
13:31:05, 48
13:31:05, 38
13:31:05, 42
13:31:05, 51
13:31:05, 55
13:31:05, 58
13:31:05, 56
13:31:05, 38
13:31:05, 12
13:31:05, -3
13:31:05, 1
13:31:05, 17
13:31:05, 32
13:31:05, 33
13:31:05, 20
13:31:05, 13
13:31:05, 17
13:31:05, 17
13:31:05, 8
13:31:05, 4
13:31:05, 1
13:31:05, -18
13:31:05, -45
13:31:05, -68
13:31:05, -73
13:31:05, -62
13:31:05, -43
13:31:05, -24
13:31:05, 3
13:31:05, 24
13:31:05, 37
13:31:05, 51
13:31:05, 56
13:31:05, 54
13:31:05, 54
13:31:05, 69
13:31:05, 92
13:31:05, 113
13:31:05, 105
13:31:05, 93
13:31:05, 90
13:31:05, 97
13:31:05, 88
13:31:05, 82
13:31:05, 90
13:31:05, 98
13:31:05, 73
13:31:05, 40
13:31:05, 34
13:31:05, 38
13:31:05, 39
13:31:05, 40
13:31:05, 43
13:31:05, 39
13:31:05, 29
13:31:05, 21
13:31:05, 7
13:31:05, -5
13:31:05, -8
13:31:05, -8
13:31:05, -1
13:31:05, 4
13:31:05, -17
13:31:05, -51
13:31:05, -69
13:31:05, -42
13:31:05, 13
13:31:05, 80
13:31:05, 114
13:31:05, 97
13:31:05, 56
13:31:05, 55
13:31:05, 91
13:31:05, 123
13:31:05, 129
13:31:05, 108
13:31:05, 73
13:31:05, 37
13:31:05, 28
13:31:05, 45
13:31:05, 52
13:31:05, 36
13:31:05, 29
13:31:05, 51
13:31:05, 70
13:31:05, 71
13:31:05, 56
13:31:05, 53
13:31:05, 59
13:31:05, 59
13:31:05, 54
13:31:05, 52
13:31:05, 45
13:31:05, 51
13:31:05, 60
13:31:05, 74
13:31:05, 86
13:31:05, 81
13:31:05, 59
13:31:05, 58
13:31:05, 64
13:31:05, 65
13:31:05, 56
13:31:05, 53
13:31:05, 44
13:31:05, 28
13:31:05, 20
13:31:05, 19
13:31:05, 17
13:31:05, 27
13:31:05, 50
13:31:05, 68
13:31:05, 71
13:31:05, 69
13:31:05, 72
13:31:05, 71
13:31:05, 64
13:31:05, 55
13:31:05, 39
13:31:05, 27
13:31:05, 25
13:31:05, 28
13:31:05, 37
13:31:05, 34
13:31:05, 18
13:31:05, 12
13:31:05, 26
13:31:05, 51
13:31:05, 59
13:31:05, 45
13:31:05, 41
13:31:05, 50
13:31:05, 60
13:31:05, 70
13:31:05, 68
13:31:05, 71
13:31:05, 82
13:31:05, 73
13:31:05, 49
13:31:05, 27
13:31:05, 33
13:31:05, 49
13:31:05, 44
13:31:05, 25
13:31:05, 12
13:31:05, 23
13:31:05, 45
13:31:05, 55
13:31:05, 45
13:31:05, 28
13:31:05, 11
13:31:05, 6
13:31:05, 11
13:31:05, 11
13:31:05, 5
13:31:05, -4
13:31:05, -23
13:31:05, -37
13:31:05, -28
13:31:05, -12
13:31:05, 2
13:31:05, 13
13:31:05, 18
13:31:05, 8
13:31:05, 3
13:31:05, 8
13:31:05, 19
13:31:05, 41
13:31:05, 75
13:31:05, 98
13:31:05, 96
13:31:05, 85
13:31:05, 87
13:31:05, 91
13:31:05, 85
13:31:05, 82
13:31:05, 67
13:31:05, 39
13:31:05, 25
13:31:05, 42
13:31:05, 65
13:31:05, 64
13:31:05, 49
13:31:05, 36
13:31:05, 23
13:31:05, 21
13:31:05, 27
13:31:05, 24
13:31:05, 18
13:31:05, 19
13:31:05, 27
13:31:05, 41
13:31:05, 52
13:31:05, 53
13:31:05, 60
13:31:05, 83
13:31:05, 108
13:31:05, 118
13:31:05, 107
13:31:05, 98
13:31:05, 93
13:31:05, 92
13:31:05, 92
13:31:05, 90
13:31:05, 84
13:31:05, 82
13:31:05, 100
13:31:05, 120
13:31:05, 125
13:31:05, 116
13:31:05, 101
13:31:05, 92
13:31:05, 112
13:31:05, 131
13:31:05, 120
13:31:05, 103
13:31:05, 105
13:31:05, 129
13:31:05, 145
13:31:05, 153
13:31:05, 157
13:31:05, 154
13:31:05, 154
13:31:05, 165
13:31:05, 162
13:31:05, 144
13:31:05, 128
13:31:05, 113
13:31:05, 90
13:31:05, 74
13:31:05, 67
13:31:05, 61
13:31:05, 48
13:31:05, 41
13:31:05, 54
13:31:05, 53
13:31:05, 55
13:31:05, 71
13:31:05, 71
13:31:05, 41
13:31:05, 4
13:31:05, -22
13:31:05, -38
13:31:05, -21
13:31:05, 17
13:31:05, 34
13:31:05, 25
13:31:05, 17
13:31:05, 13
13:31:05, 6
13:31:05, 12
13:31:05, 42
13:31:05, 66
13:31:05, 57
13:31:05, 29
13:31:05, 12
13:31:05, 3
13:31:05, -7
13:31:05, -21
13:31:05, -42
13:31:05, -49
13:31:05, -27
13:31:05, -9
13:31:05, -6
13:31:05, -6
13:31:05, -5
13:31:05, 1
13:31:05, 11
13:31:05, 26
13:31:05, 27
13:31:05, 11
13:31:05, -3
13:31:05, -5
13:31:05, -4
13:31:05, -5
13:31:05, -8
13:31:05, -14
13:31:05, -9
13:31:05, 6
13:31:05, 7
13:31:05, -3
13:31:05, -17
13:31:05, -17
13:31:05, -18
13:31:05, -21
13:31:05, -29
13:31:05, -53
13:31:05, -71
13:31:05, -77
13:31:05, -75
13:31:05, -85
13:31:05, -103
13:31:05, -110
13:31:05, -85
13:31:05, -20
13:31:05, 61
13:31:05, 125
13:31:05, 160
13:31:05, 169
13:31:05, 187
13:31:05, 251
13:31:05, 321
13:31:05, 369
13:31:05, 395
13:31:05, 370
13:31:05, 301
13:31:05, 246
13:31:05, 245
13:31:05, 296
13:31:05, 342
13:31:05, 349
13:31:05, 354
13:31:05, 364
13:31:05, 368
13:31:05, 346
13:31:05, 316
13:31:05, 283
13:31:05, 249
13:31:05, 211
13:31:05, 186
13:31:05, 169
13:31:05, 141
13:31:05, 113
13:31:05, 76
13:31:05, 49
13:31:05, 40
13:31:05, 45
13:31:05, 38
13:31:05, 10
13:31:05, -14
13:31:05, -25
13:31:05, -9
13:31:05, 3
13:31:05, -12
13:31:05, -44
13:31:05, -58
13:31:05, -50
13:31:05, -36
13:31:05, -37
13:31:05, -42
13:31:05, -43
13:31:05, -55
13:31:05, -74
13:31:05, -83
13:31:05, -72
13:31:05, -57
13:31:05, -56
13:31:05, -65
13:31:05, -70
13:31:05, -76
13:31:05, -76
13:31:05, -69
13:31:05, -73
13:31:05, -84
13:31:05, -101
13:31:05, -116
13:31:05, -114
13:31:05, -99
13:31:05, -94
13:31:05, -103
13:31:05, -97
13:31:05, -69
13:31:05, -45
13:31:05, -35
13:31:05, -29
13:31:05, -26
13:31:05, -10
13:31:05, 4
13:31:05, 5
13:31:05, -3
13:31:05, -5
13:31:05, -6
13:31:05, -18
13:31:05, -27
13:31:05, -26
13:31:05, -22
13:31:05, -7
13:31:05, 10
13:31:05, 10
13:31:05, -1
13:31:05, -13
13:31:05, -20
13:31:05, -25
13:31:05, -34
13:31:05, -45
13:31:05, -50
13:31:05, -43
13:31:05, -41
13:31:05, -52
13:31:05, -67
13:31:05, -52
13:31:05, -10
13:31:05, 21
13:31:05, 27
13:31:05, 18
13:31:05, 0
13:31:05, -17
13:31:05, -13
13:31:05, -5
13:31:05, -13
13:31:05, -29
13:31:05, -36
13:31:05, -24
13:31:05, -22
13:31:05, -42
13:31:05, -43
13:31:05, -27
13:31:05, -21
13:31:05, -20
13:31:05, -29
13:31:05, -41
13:31:05, -52
13:31:05, -55
13:31:05, -62
13:31:05, -68
13:31:05, -54
13:31:05, -29
13:31:05, 6
13:31:05, 65
13:31:05, 132
13:31:05, 169
13:31:05, 160
13:31:05, 116
13:31:05, 77
13:31:05, 57
13:31:05, 58
13:31:05, 75
13:31:05, 87
13:31:05, 76
13:31:05, 43
13:31:05, 9
13:31:05, 9
13:31:05, 49
13:31:05, 88
13:31:05, 100
13:31:05, 84
13:31:05, 55
13:31:05, 34
13:31:05, 18
13:31:05, 24
13:31:05, 38
13:31:05, 36
13:31:05, 26
13:31:05, 16
13:31:05, -7
13:31:05, -21
13:31:05, -2
13:31:05, 39
13:31:05, 59
13:31:05, 27
13:31:05, -17
13:31:05, -19
13:31:05, 23
13:31:05, 65
13:31:05, 77
13:31:05, 72
13:31:05, 58
13:31:05, 42
13:31:05, 25
13:31:05, 17
13:31:05, 19
13:31:05, 21
13:31:05, 10
13:31:05, -6
13:31:05, -25
13:31:05, -24
13:31:05, 8
13:31:05, 44
13:31:05, 22
13:31:05, -27
13:31:05, -17
13:31:05, 27
13:31:05, 49
13:31:05, 52
13:31:05, 59
13:31:05, 72
13:31:05, 69
13:31:05, 56
13:31:05, 51
13:31:05, 55
13:31:05, 53
13:31:05, 37
13:31:05, 20
13:31:05, 13
13:31:05, 29
13:31:05, 51
13:31:05, 51
13:31:05, 40
13:31:05, 43
13:31:05, 55
13:31:05, 67
13:31:05, 71
13:31:05, 61
13:31:05, 34
13:31:05, 5
13:31:05, -5
13:31:05, -8
13:31:05, 1
13:31:05, 17
13:31:05, 18
13:31:05, 3
13:31:05, -20
13:31:05, -29
13:31:05, -19
13:31:05, 9
13:31:05, 42
13:31:05, 60
13:31:05, 72
13:31:05, 70
13:31:05, 52
13:31:05, 38
13:31:05, 41
13:31:05, 52
13:31:05, 51
13:31:06, 48
13:31:06, 45
13:31:06, 39
13:31:06, 34
13:31:06, 40
13:31:06, 45
13:31:06, 37
13:31:06, 27
13:31:06, 37
13:31:06, 50
13:31:06, 44
13:31:06, 24
13:31:06, 9
13:31:06, 17
13:31:06, 23
13:31:06, 12
13:31:06, 1
13:31:06, 10
13:31:06, 43
13:31:06, 72
13:31:06, 68
13:31:06, 43
13:31:06, 26
13:31:06, 27
13:31:06, 38
13:31:06, 48
13:31:06, 57
13:31:06, 64
13:31:06, 52
13:31:06, 39
13:31:06, 29
13:31:06, 20
13:31:06, 11
13:31:06, -2
13:31:06, 2
13:31:06, 13
13:31:06, 9
13:31:06, 10
13:31:06, 28
13:31:06, 54
13:31:06, 71
13:31:06, 74
13:31:06, 66
13:31:06, 50
13:31:06, 48
13:31:06, 67
13:31:06, 80
13:31:06, 72
13:31:06, 53
13:31:06, 39
13:31:06, 45
13:31:06, 65
13:31:06, 88
13:31:06, 105
13:31:06, 90
13:31:06, 64
13:31:06, 40
13:31:06, 34
13:31:06, 34
13:31:06, 29
13:31:06, 32
13:31:06, 39
13:31:06, 42
13:31:06, 34
13:31:06, 17
13:31:06, 18
13:31:06, 23
13:31:06, 19
13:31:06, 26
13:31:06, 54
13:31:06, 80
13:31:06, 71
13:31:06, 41
13:31:06, 19
13:31:06, 19
13:31:06, 16
13:31:06, 3
13:31:06, -7
13:31:06, -10
13:31:06, -12
13:31:06, -19
13:31:06, -21
13:31:06, -19
13:31:06, -20
13:31:06, -28
13:31:06, -28
13:31:06, -19
13:31:06, -13
13:31:06, -19
13:31:06, -26
13:31:06, -24
13:31:06, -11
13:31:06, -3
13:31:06, 10
13:31:06, 25
13:31:06, 39
13:31:06, 43
13:31:06, 50
13:31:06, 57
13:31:06, 48
13:31:06, 42
13:31:06, 41
13:31:06, 29
13:31:06, 19
13:31:06, 24
13:31:06, 49
13:31:06, 70
13:31:06, 69
13:31:06, 57
13:31:06, 51
13:31:06, 51
13:31:06, 51
13:31:06, 42
13:31:06, 45
13:31:06, 61
13:31:06, 51
13:31:06, 32
13:31:06, 36
13:31:06, 56
13:31:06, 73
13:31:06, 87
13:31:06, 86
13:31:06, 66
13:31:06, 60
13:31:06, 75
13:31:06, 80
13:31:06, 72
13:31:06, 69
13:31:06, 80
13:31:06, 89
13:31:06, 81
13:31:06, 58
13:31:06, 37
13:31:06, 25
13:31:06, 38
13:31:06, 57
13:31:06, 57
13:31:06, 51
13:31:06, 48
13:31:06, 52
13:31:06, 50
13:31:06, 38
13:31:06, 37
13:31:06, 52
13:31:06, 57
13:31:06, 43
13:31:06, 19
13:31:06, 12
13:31:06, 44
13:31:06, 89
13:31:06, 101
13:31:06, 75
13:31:06, 50
13:31:06, 50
13:31:06, 66
13:31:06, 72
13:31:06, 68
13:31:06, 59
13:31:06, 61
13:31:06, 51
13:31:06, 29
13:31:06, 27
13:31:06, 49
13:31:06, 68
13:31:06, 67
13:31:06, 53
13:31:06, 51
13:31:06, 56
13:31:06, 52
13:31:06, 42
13:31:06, 40
13:31:06, 41
13:31:06, 26
13:31:06, 5
13:31:06, 12
13:31:06, 43
13:31:06, 71
13:31:06, 83
13:31:06, 86
13:31:06, 86
13:31:06, 86
13:31:06, 101
13:31:06, 116
13:31:06, 104
13:31:06, 69
13:31:06, 35
13:31:06, 33
13:31:06, 49
13:31:06, 35
13:31:06, 18
13:31:06, 19
13:31:06, 34
13:31:06, 56
13:31:06, 68
13:31:06, 60
13:31:06, 51
13:31:06, 53
13:31:06, 59
13:31:06, 53
13:31:06, 41
13:31:06, 40
13:31:06, 54
13:31:06, 66
13:31:06, 53
13:31:06, 18
13:31:06, -1
13:31:06, 10
13:31:06, 50
13:31:06, 68
13:31:06, 56
13:31:06, 41
13:31:06, 32
13:31:06, 27
13:31:06, 44
13:31:06, 84
13:31:06, 106
13:31:06, 97
13:31:06, 72
13:31:06, 54
13:31:06, 49
13:31:06, 57
13:31:06, 72
13:31:06, 71
13:31:06, 57
13:31:06, 41
13:31:06, 24
13:31:06, 16
13:31:06, 28
13:31:06, 41
13:31:06, 38
13:31:06, 33
13:31:06, 38
13:31:06, 52
13:31:06, 53
13:31:06, 50
13:31:06, 38
13:31:06, 32
13:31:06, 45
13:31:06, 68
13:31:06, 65
13:31:06, 25
13:31:06, -20
13:31:06, -50
13:31:06, -28
13:31:06, 39
13:31:06, 105
13:31:06, 121
13:31:06, 118
13:31:06, 135
13:31:06, 138
13:31:06, 119
13:31:06, 102
13:31:06, 90
13:31:06, 96
13:31:06, 112
13:31:06, 104
13:31:06, 59
13:31:06, 19
13:31:06, 10
13:31:06, 22
13:31:06, 42
13:31:06, 69
13:31:06, 83
13:31:06, 68
13:31:06, 45
13:31:06, 27
13:31:06, 6
13:31:06, -17
13:31:06, -23
13:31:06, -11
13:31:06, 1
13:31:06, 9
13:31:06, 23
13:31:06, 44
13:31:06, 60
13:31:06, 59
13:31:06, 55
13:31:06, 49
13:31:06, 39
13:31:06, 38
13:31:06, 53
13:31:06, 68
13:31:06, 77
13:31:06, 80
13:31:06, 67
13:31:06, 45
13:31:06, 32
13:31:06, 29
13:31:06, 34
13:31:06, 39
13:31:06, 52
13:31:06, 56
13:31:06, 49
13:31:06, 41
13:31:06, 39
13:31:06, 42
13:31:06, 50
13:31:06, 40
13:31:06, 22
13:31:06, 20
13:31:06, 34
13:31:06, 44
13:31:06, 43
13:31:06, 34
13:31:06, 26
13:31:06, 35
13:31:06, 60
13:31:06, 74
13:31:06, 68
13:31:06, 57
13:31:06, 50
13:31:06, 37
13:31:06, 35
13:31:06, 59
13:31:06, 77
13:31:06, 52
13:31:06, 7
13:31:06, 2
13:31:06, 36
13:31:06, 73
13:31:06, 86
13:31:06, 69
13:31:06, 40
13:31:06, 26
13:31:06, 32
13:31:06, 39
13:31:06, 39
13:31:06, 25
13:31:06, 17
13:31:06, 12
13:31:06, 20
13:31:06, 33
13:31:06, 40
13:31:06, 38
13:31:06, 29
13:31:06, 17
13:31:06, 13
13:31:06, 35
13:31:06, 50
13:31:06, 32
13:31:06, 12
13:31:06, 28
13:31:06, 60
13:31:06, 82
13:31:06, 72
13:31:06, 35
13:31:06, 9
13:31:06, 10
13:31:06, 16
13:31:06, 18
13:31:06, 10
13:31:06, 4
13:31:06, 0
13:31:06, 0
13:31:06, 8
13:31:06, 22
13:31:06, 34
13:31:06, 34
13:31:06, 34
13:31:06, 38
13:31:06, 40
13:31:06, 28
13:31:06, 22
13:31:06, 25
13:31:06, 36
13:31:06, 52
13:31:06, 54
13:31:06, 28
13:31:06, 12
13:31:06, 9
13:31:06, 9
13:31:06, 20
13:31:06, 26
13:31:06, 27
13:31:06, 41
13:31:06, 53
13:31:06, 49
13:31:06, 33
13:31:06, 27
13:31:06, 37
13:31:06, 38
13:31:06, 19
13:31:06, 2
13:31:06, 22
13:31:06, 54
13:31:06, 69
13:31:06, 70
13:31:06, 72
13:31:06, 85
13:31:06, 92
13:31:06, 75
13:31:06, 41
13:31:06, 28
13:31:06, 36
13:31:06, 51
13:31:06, 53
13:31:06, 37
13:31:06, 19
13:31:06, 21
13:31:06, 42
13:31:06, 58
13:31:06, 61
13:31:06, 64
13:31:06, 64
13:31:06, 64
13:31:06, 73
13:31:06, 92
13:31:06, 107
13:31:06, 114
13:31:06, 113
13:31:06, 104
13:31:06, 98
13:31:06, 90
13:31:06, 87
13:31:06, 74
13:31:06, 57
13:31:06, 55
13:31:06, 55
13:31:06, 56
13:31:06, 66
13:31:06, 80
13:31:06, 84
13:31:06, 76
13:31:06, 67
13:31:06, 65
13:31:06, 60
13:31:06, 53
13:31:06, 49
13:31:06, 53
13:31:06, 60
13:31:06, 51
13:31:06, 21
13:31:06, 10
13:31:06, 25
13:31:06, 32
13:31:06, 42
13:31:06, 70
13:31:06, 91
13:31:06, 85
13:31:06, 71
13:31:06, 74
13:31:06, 91
13:31:06, 112
13:31:06, 116
13:31:06, 103
13:31:06, 81
13:31:06, 73
13:31:06, 69
13:31:06, 58
13:31:06, 54
13:31:06, 61
13:31:06, 60
13:31:06, 43
13:31:06, 27
13:31:06, 22
13:31:06, 18
13:31:06, 16
13:31:06, 10
13:31:06, 13
13:31:06, 24
13:31:06, 33
13:31:06, 36
13:31:06, 25
13:31:06, 2
13:31:06, -9
13:31:06, -8
13:31:06, -2
13:31:06, 10
13:31:06, 26
13:31:06, 32
13:31:06, 38
13:31:06, 37
13:31:06, 17
13:31:06, 0
13:31:06, -1
13:31:06, 6
13:31:06, 6
13:31:06, 3
13:31:06, 5
13:31:06, 9
13:31:06, 13
13:31:06, 24
13:31:06, 33
13:31:06, 42
13:31:06, 41
13:31:06, 22
13:31:06, 2
13:31:06, 2
13:31:06, 13
13:31:06, 27
13:31:06, 26
13:31:06, 18
13:31:06, 9
13:31:06, 8
13:31:06, 5
13:31:06, 9
13:31:06, 19
13:31:06, 18
13:31:07, 1
13:31:07, -10
13:31:07, -3
13:31:07, 17
13:31:07, 20
13:31:07, 6
13:31:07, 9
13:31:07, 32
13:31:07, 49
13:31:07, 55
13:31:07, 58
13:31:07, 75
13:31:07, 85
13:31:07, 68
13:31:07, 32
13:31:07, 11
13:31:07, 28
13:31:07, 59
13:31:07, 68
13:31:07, 28
13:31:07, -12
13:31:07, -29
13:31:07, -12
13:31:07, 22
13:31:07, 44
13:31:07, 33
13:31:07, 0
13:31:07, -33
13:31:07, -28
13:31:07, 20
13:31:07, 89
13:31:07, 138
13:31:07, 146
13:31:07, 123
13:31:07, 113
13:31:07, 140
13:31:07, 184
13:31:07, 204
13:31:07, 196
13:31:07, 184
13:31:07, 201
13:31:07, 202
13:31:07, 161
13:31:07, 105
13:31:07, 86
13:31:07, 93
13:31:07, 102
13:31:07, 100
13:31:07, 84
13:31:07, 75
13:31:07, 77
13:31:07, 71
13:31:07, 54
13:31:07, 51
13:31:07, 65
13:31:07, 66
13:31:07, 51
13:31:07, 28
13:31:07, 23
13:31:07, 20
13:31:07, -7
13:31:07, -50
13:31:07, -73
13:31:07, -67
13:31:07, -34
13:31:07, 6
13:31:07, 20
13:31:07, 16
13:31:07, 16
13:31:07, 21
13:31:07, 28
13:31:07, 40
13:31:07, 43
13:31:07, 37
13:31:07, 24
13:31:07, 21
13:31:07, 11
13:31:07, -2
13:31:07, -17
13:31:07, -38
13:31:07, -50
13:31:07, -27
13:31:07, 10
13:31:07, 20
13:31:07, 7
13:31:07, -3
13:31:07, -5
13:31:07, -6
13:31:07, -12
13:31:07, -7
13:31:07, -1
13:31:07, -25
13:31:07, -43
13:31:07, -27
13:31:07, 4
13:31:07, 26
13:31:07, 28
13:31:07, 10
13:31:07, -4
13:31:07, 10
13:31:07, 43
13:31:07, 54
13:31:07, 17
13:31:07, -43
13:31:07, -83
13:31:07, -67
13:31:07, 11
13:31:07, 121
13:31:07, 193
13:31:07, 196
13:31:07, 181
13:31:07, 192
13:31:07, 227
13:31:07, 249
13:31:07, 244
13:31:07, 211
13:31:07, 163
13:31:07, 125
13:31:07, 146
13:31:07, 204
13:31:07, 245
13:31:07, 248
13:31:07, 234
13:31:07, 226
13:31:07, 226
13:31:07, 234
13:31:07, 230
13:31:07, 214
13:31:07, 176
13:31:07, 113
13:31:07, 48
13:31:07, 3
13:31:07, -24
13:31:07, -24
13:31:07, 6
13:31:07, 45
13:31:07, 49
13:31:07, 10
13:31:07, -30
13:31:07, -57
13:31:07, -59
13:31:07, -49
13:31:07, -19
13:31:07, -3
13:31:07, -26
13:31:07, -55
13:31:07, -55
13:31:07, -49
13:31:07, -40
13:31:07, -37
13:31:07, -34
13:31:07, -30
13:31:07, -29
13:31:07, -22
13:31:07, -19
13:31:07, -28
13:31:07, -37
13:31:07, -23
13:31:07, -9
13:31:07, -19
13:31:07, -24
13:31:07, -18
13:31:07, 6
13:31:07, 27
13:31:07, 28
13:31:07, 10
13:31:07, -5
13:31:07, 5
13:31:07, 24
13:31:07, 21
13:31:07, -1
13:31:07, -26
13:31:07, -35
13:31:07, -18
13:31:07, 0
13:31:07, -6
13:31:07, -22
13:31:07, -3
13:31:07, 52
13:31:07, 96
13:31:07, 105
13:31:07, 86
13:31:07, 72
13:31:07, 59
13:31:07, 27
13:31:07, -13
13:31:07, -33
13:31:07, -25
13:31:07, -5
13:31:07, 20
13:31:07, 24
13:31:07, -1
13:31:07, -23
13:31:07, -9
13:31:07, 20
13:31:07, 50
13:31:07, 76
13:31:07, 81
13:31:07, 66
13:31:07, 61
13:31:07, 67
13:31:07, 57
13:31:07, 42
13:31:07, 33
13:31:07, 8
13:31:07, -7
13:31:07, 2
13:31:07, 16
13:31:07, 4
13:31:07, -22
13:31:07, -37
13:31:07, -8
13:31:07, 56
13:31:07, 113
13:31:07, 119
13:31:07, 101
13:31:07, 81
13:31:07, 88
13:31:07, 122
13:31:07, 138
13:31:07, 116
13:31:07, 73
13:31:07, 34
13:31:07, 9
13:31:07, 0
13:31:07, -6
13:31:07, 0
13:31:07, 18
13:31:07, 19
13:31:07, -4
13:31:07, -26
13:31:07, -19
13:31:07, 10
13:31:07, 36
13:31:07, 38
13:31:07, 32
13:31:07, 35
13:31:07, 55
13:31:07, 67
13:31:07, 44
13:31:07, 27
13:31:07, 37
13:31:07, 60
13:31:07, 82
13:31:07, 67
13:31:07, 13
13:31:07, -28
13:31:07, -39
13:31:07, -35
13:31:07, -26
13:31:07, -2
13:31:07, 27
13:31:07, 43
13:31:07, 34
13:31:07, 10
13:31:07, 8
13:31:07, 19
13:31:07, 10
13:31:07, 9
13:31:07, 19
13:31:07, 18
13:31:07, 8
13:31:07, 3
13:31:07, 2
13:31:07, 9
13:31:07, 18
13:31:07, 12
13:31:07, 11
13:31:07, 29
13:31:07, 42
13:31:07, 26
13:31:07, -1
13:31:07, -24
13:31:07, -54
13:31:07, -89
13:31:07, -86
13:31:07, -41
13:31:07, 9
13:31:07, 32
13:31:07, 21
13:31:07, 18
13:31:07, 41
13:31:07, 77
13:31:07, 93
13:31:07, 82
13:31:07, 69
13:31:07, 57
13:31:07, 54
13:31:07, 60
13:31:07, 69
13:31:07, 68
13:31:07, 38
13:31:07, 23
13:31:07, 42
13:31:07, 74
13:31:07, 100
13:31:07, 96
13:31:07, 58
13:31:07, 39
13:31:07, 44
13:31:07, 58
13:31:07, 70
13:31:07, 74
13:31:07, 70
13:31:07, 54
13:31:07, 41
13:31:07, 57
13:31:07, 77
13:31:07, 73
13:31:07, 57
13:31:07, 36
13:31:07, 22
13:31:07, 28
13:31:07, 39
13:31:07, 20
13:31:07, -28
13:31:07, -49
13:31:07, -9
13:31:07, 44
13:31:07, 85
13:31:07, 114
13:31:07, 136
13:31:07, 148
13:31:07, 144
13:31:07, 122
13:31:07, 101
13:31:07, 85
13:31:07, 71
13:31:07, 35
13:31:07, 5
13:31:07, 6
13:31:07, 4
13:31:07, -11
13:31:07, -13
13:31:07, -6
13:31:07, 8
13:31:07, 33
13:31:07, 40
13:31:07, 32
13:31:07, 19
13:31:07, 2
13:31:07, -8
13:31:07, -23
13:31:07, -42
13:31:07, -35
13:31:07, -12
13:31:07, 5
13:31:07, 10
13:31:07, 7
13:31:07, 1
13:31:07, 12
13:31:07, 29
13:31:07, 20
13:31:07, 2
13:31:07, 7
13:31:07, 34
13:31:07, 50
13:31:07, 36
13:31:07, 10
13:31:07, 4
13:31:07, 17
13:31:07, 26
13:31:07, 18
13:31:07, 2
13:31:07, -1
13:31:07, 1
13:31:07, 0
13:31:07, 1
13:31:07, 13
13:31:07, 33
13:31:07, 50
13:31:07, 74
13:31:07, 83
13:31:07, 76
13:31:07, 76
13:31:07, 71
13:31:07, 49
13:31:07, 28
13:31:07, 37
13:31:07, 51
13:31:07, 55
13:31:07, 48
13:31:07, 34
13:31:07, 21
13:31:07, 24
13:31:07, 49
13:31:07, 76
13:31:07, 89
13:31:07, 86
13:31:07, 75
13:31:07, 75
13:31:07, 74
13:31:07, 64
13:31:07, 52
13:31:07, 55
13:31:07, 71
13:31:07, 83
13:31:07, 77
13:31:07, 67
13:31:07, 61
13:31:07, 52
13:31:07, 35
13:31:07, 40
13:31:07, 81
13:31:07, 105
13:31:07, 86
13:31:07, 39
13:31:07, 12
13:31:07, 19
13:31:07, 36
13:31:07, 44
13:31:07, 44
13:31:07, 29
13:31:07, 12
13:31:07, 6
13:31:07, 9
13:31:07, 20
13:31:07, 27
13:31:07, 38
13:31:07, 40
13:31:07, 41
13:31:07, 54
13:31:07, 55
13:31:07, 35
13:31:07, 23
13:31:07, 51
13:31:07, 82
13:31:07, 72
13:31:07, 40
13:31:07, 22
13:31:07, 24
13:31:07, 33
13:31:07, 29
13:31:07, 28
13:31:07, 34
13:31:07, 42
13:31:07, 43
13:31:07, 42
13:31:07, 43
13:31:07, 50
13:31:07, 59
13:31:07, 55
13:31:07, 44
13:31:07, 52
13:31:07, 71
13:31:07, 88
13:31:07, 90
13:31:07, 72
13:31:07, 50
13:31:07, 42
13:31:07, 53
13:31:07, 58
13:31:07, 51
13:31:07, 28
13:31:07, 20
13:31:07, 43
13:31:07, 80
13:31:07, 102
13:31:07, 102
13:31:07, 104
13:31:07, 105
13:31:07, 98
13:31:07, 81
13:31:07, 65
13:31:07, 67
13:31:07, 74
13:31:07, 72
13:31:07, 72
13:31:07, 74
13:31:07, 67
13:31:07, 57
13:31:07, 49
13:31:07, 27
13:31:07, 18
13:31:07, 20
13:31:07, 25
13:31:07, 23
13:31:07, 3
13:31:07, -33
13:31:07, -58
13:31:07, -56
13:31:07, -28
13:31:07, 11
13:31:07, 57
13:31:07, 76
13:31:07, 69
13:31:07, 37
13:31:07, -3
13:31:07, -28
13:31:07, -28
13:31:07, -22
13:31:07, -33
13:31:07, -65
13:31:07, -93
13:31:07, -115
13:31:07, -125
13:31:07, -118
13:31:07, -72
13:31:07, -18
13:31:07, -17
13:31:07, -56
13:31:07, -85
13:31:07, -77
13:31:07, -65
13:31:07, -58
13:31:07, -62
13:31:07, -75
13:31:07, -89
13:31:07, -93
13:31:07, -74
13:31:07, -43
13:31:07, -22
13:31:07, -6
13:31:07, 3
13:31:07, -3
13:31:07, -8
13:31:07, -5
13:31:07, 3
13:31:07, 19
13:31:07, 23
13:31:07, 36
13:31:07, 54
13:31:07, 69
13:31:07, 74
13:31:07, 74
13:31:07, 72
13:31:07, 83
13:31:07, 93
13:31:07, 93
13:31:07, 84
13:31:07, 71
13:31:07, 69
13:31:07, 70
13:31:08, 69
13:31:08, 60
13:31:08, 51
13:31:08, 48
13:31:08, 54
13:31:08, 73
13:31:08, 77
13:31:08, 57
13:31:08, 13
13:31:08, -14
13:31:08, -6
13:31:08, 12
13:31:08, 20
13:31:08, 11
13:31:08, 5
13:31:08, 9
13:31:08, 28
13:31:08, 55
13:31:08, 83
13:31:08, 103
13:31:08, 113
13:31:08, 102
13:31:08, 91
13:31:08, 102
13:31:08, 122
13:31:08, 120
13:31:08, 90
13:31:08, 59
13:31:08, 53
13:31:08, 68
13:31:08, 82
13:31:08, 72
13:31:08, 52
13:31:08, 54
13:31:08, 72
13:31:08, 89
13:31:08, 87
13:31:08, 72
13:31:08, 58
13:31:08, 58
13:31:08, 54
13:31:08, 28
13:31:08, 1
13:31:08, -13
13:31:08, -3
13:31:08, 12
13:31:08, 17
13:31:08, 20
13:31:08, 40
13:31:08, 75
13:31:08, 104
13:31:08, 113
13:31:08, 105
13:31:08, 107
13:31:08, 113
13:31:08, 105
13:31:08, 96
13:31:08, 99
13:31:08, 105
13:31:08, 106
13:31:08, 100
13:31:08, 102
13:31:08, 114
13:31:08, 120
13:31:08, 117
13:31:08, 106
13:31:08, 88
13:31:08, 77
13:31:08, 59
13:31:08, 29
13:31:08, 13
13:31:08, 32
13:31:08, 64
13:31:08, 82
13:31:08, 72
13:31:08, 55
13:31:08, 52
13:31:08, 58
13:31:08, 69
13:31:08, 69
13:31:08, 56
13:31:08, 23
13:31:08, -10
13:31:08, -33
13:31:08, -35
13:31:08, -12
13:31:08, 28
13:31:08, 81
13:31:08, 106
13:31:08, 103
13:31:08, 93
13:31:08, 93
13:31:08, 100
13:31:08, 90
13:31:08, 82
13:31:08, 70
13:31:08, 60
13:31:08, 68
13:31:08, 82
13:31:08, 75
13:31:08, 70
13:31:08, 73
13:31:08, 83
13:31:08, 85
13:31:08, 81
13:31:08, 64
13:31:08, 50
13:31:08, 39
13:31:08, 33
13:31:08, 35
13:31:08, 33
13:31:08, 21
13:31:08, 18
13:31:08, 26
13:31:08, 41
13:31:08, 48
13:31:08, 42
13:31:08, 34
13:31:08, 28
13:31:08, 32
13:31:08, 36
13:31:08, 36
13:31:08, 39
13:31:08, 50
13:31:08, 55
13:31:08, 60
13:31:08, 70
13:31:08, 77
13:31:08, 80
13:31:08, 84
13:31:08, 84
13:31:08, 73
13:31:08, 65
13:31:08, 59
13:31:08, 57
13:31:08, 45
13:31:08, 42
13:31:08, 50
13:31:08, 54
13:31:08, 53
13:31:08, 49
13:31:08, 33
13:31:08, 20
13:31:08, 17
13:31:08, 4
13:31:08, -6
13:31:08, 3
13:31:08, 24
13:31:08, 41
13:31:08, 65
13:31:08, 80
13:31:08, 66
13:31:08, 35
13:31:08, 24
13:31:08, 52
13:31:08, 71
13:31:08, 53
13:31:08, 33
13:31:08, 26
13:31:08, 32
13:31:08, 39
13:31:08, 49
13:31:08, 59
13:31:08, 67
13:31:08, 68
13:31:08, 65
13:31:08, 73
13:31:08, 106
13:31:08, 130
13:31:08, 108
13:31:08, 80
13:31:08, 70
13:31:08, 89
13:31:08, 115
13:31:08, 125
13:31:08, 114
13:31:08, 85
13:31:08, 58
13:31:08, 53
13:31:08, 60
13:31:08, 69
13:31:08, 59
13:31:08, 29
13:31:08, -11
13:31:08, -37
13:31:08, -4
13:31:08, 61
13:31:08, 97
13:31:08, 74
13:31:08, 33
13:31:08, 20
13:31:08, 41
13:31:08, 69
13:31:08, 73
13:31:08, 49
13:31:08, 35
13:31:08, 22
13:31:08, -6
13:31:08, -23
13:31:08, -14
13:31:08, -1
13:31:08, 18
13:31:08, 48
13:31:08, 83
13:31:08, 98
13:31:08, 85
13:31:08, 57
13:31:08, 40
13:31:08, 40
13:31:08, 50
13:31:08, 50
13:31:08, 49
13:31:08, 45
13:31:08, 35
13:31:08, 37
13:31:08, 51
13:31:08, 49
13:31:08, 28
13:31:08, 22
13:31:08, 22
13:31:08, 27
13:31:08, 35
13:31:08, 33
13:31:08, 19
13:31:08, 5
13:31:08, 11
13:31:08, 29
13:31:08, 36
13:31:08, 33
13:31:08, 27
13:31:08, 23
13:31:08, 24
13:31:08, 37
13:31:08, 53
13:31:08, 65
13:31:08, 65
13:31:08, 56
13:31:08, 57
13:31:08, 55
13:31:08, 42
13:31:08, 51
13:31:08, 87
13:31:08, 123
13:31:08, 131
13:31:08, 93
13:31:08, 51
13:31:08, 32
13:31:08, 38
13:31:08, 44
13:31:08, 45
13:31:08, 33
13:31:08, -4
13:31:08, -34
13:31:08, -20
13:31:08, 13
13:31:08, 42
13:31:08, 59
13:31:08, 66
13:31:08, 49
13:31:08, 21
13:31:08, 6
13:31:08, 6
13:31:08, 17
13:31:08, 27
13:31:08, 21
13:31:08, -8
13:31:08, -35
13:31:08, -36
13:31:08, -19
13:31:08, -2
13:31:08, 8
13:31:08, 17
13:31:08, 19
13:31:08, 20
13:31:08, 18
13:31:08, 38
13:31:08, 68
13:31:08, 71
13:31:08, 54
13:31:08, 26
13:31:08, 13
13:31:08, 33
13:31:08, 57
13:31:08, 60
13:31:08, 33
13:31:08, 0
13:31:08, 4
13:31:08, 25
13:31:08, 20
13:31:08, -1
13:31:08, -7
13:31:08, 2
13:31:08, 22
13:31:08, 38
13:31:08, 55
13:31:08, 76
13:31:08, 72
13:31:08, 50
13:31:08, 44
13:31:08, 71
13:31:08, 99
13:31:08, 98
13:31:08, 71
13:31:08, 35
13:31:08, 21
13:31:08, 23
13:31:08, 35
13:31:08, 51
13:31:08, 58
13:31:08, 44
13:31:08, 23
13:31:08, 12
13:31:08, 1
13:31:08, -6
13:31:08, 10
13:31:08, 40
13:31:08, 50
13:31:08, 33
13:31:08, 26
13:31:08, 42
13:31:08, 56
13:31:08, 60
13:31:08, 41
13:31:08, 12
13:31:08, 7
13:31:08, 24
13:31:08, 33
13:31:08, 38
13:31:08, 43
13:31:08, 50
13:31:08, 50
13:31:08, 53
13:31:08, 44
13:31:08, 38
13:31:08, 50
13:31:08, 55
13:31:08, 43
13:31:08, 19
13:31:08, -10
13:31:08, -29
13:31:08, -46
13:31:08, -43
13:31:08, 5
13:31:08, 80
13:31:08, 131
13:31:08, 155
13:31:08, 182
13:31:08, 214
13:31:08, 236
13:31:08, 258
13:31:08, 262
13:31:08, 251
13:31:08, 240
13:31:08, 230
13:31:08, 227
13:31:08, 227
13:31:08, 229
13:31:08, 216
13:31:08, 182
13:31:08, 155
13:31:08, 157
13:31:08, 179
13:31:08, 196
13:31:08, 179
13:31:08, 124
13:31:08, 73
13:31:08, 59
13:31:08, 58
13:31:08, 57
13:31:08, 52
13:31:08, 38
13:31:08, 32
13:31:08, 48
13:31:08, 68
13:31:08, 60
13:31:08, 28
13:31:08, 12
13:31:08, 21
13:31:08, 37
13:31:08, 40
13:31:08, 27
13:31:08, 8
13:31:08, 2
13:31:08, 12
13:31:08, 32
13:31:08, 35
13:31:08, 10
13:31:08, -10
13:31:08, -5
13:31:08, 18
13:31:08, 33
13:31:08, 24
13:31:08, 9
13:31:08, 10
13:31:08, 26
13:31:08, 44
13:31:08, 49
13:31:08, 38
13:31:08, 21
13:31:08, -5
13:31:08, -45
13:31:08, -81
13:31:08, -86
13:31:08, -55
13:31:08, -21
13:31:08, 5
13:31:08, 24
13:31:08, 41
13:31:08, 52
13:31:08, 51
13:31:08, 39
13:31:08, 42
13:31:08, 53
13:31:08, 65
13:31:08, 56
13:31:08, 23
13:31:08, -6
13:31:08, -13
13:31:08, -3
13:31:08, 2
13:31:08, -4
13:31:08, -19
13:31:08, -22
13:31:08, -7
13:31:08, 13
13:31:08, 28
13:31:08, 32
13:31:08, 23
13:31:08, 21
13:31:08, 22
13:31:08, 27
13:31:08, 34
13:31:08, 40
13:31:08, 40
13:31:08, 34
13:31:08, 33
13:31:08, 24
13:31:08, -5
13:31:08, -28
13:31:08, -23
13:31:08, -5
13:31:08, 7
13:31:08, 16
13:31:08, 9
13:31:08, -10
13:31:08, -30
13:31:08, -33
13:31:08, -5
13:31:08, 24
13:31:08, 33
13:31:08, 25
13:31:08, 23
13:31:08, 20
13:31:08, 12
13:31:08, 11
13:31:08, 36
13:31:08, 73
13:31:08, 81
13:31:08, 65
13:31:08, 44
13:31:08, 18
13:31:08, -5
13:31:08, -4
13:31:08, 0
13:31:08, -3
13:31:08, -7
13:31:08, -5
13:31:08, 4
13:31:08, 13
13:31:08, 21
13:31:08, 27
13:31:08, 34
13:31:08, 24
13:31:08, 12
13:31:08, -5
13:31:08, -12
13:31:08, -12
13:31:08, -30
13:31:08, -56
13:31:08, -50
13:31:08, -7
13:31:08, 36
13:31:08, 60
13:31:08, 64
13:31:08, 58
13:31:08, 57
13:31:08, 58
13:31:08, 74
13:31:08, 96
13:31:08, 89
13:31:08, 57
13:31:08, 23
13:31:08, 8
13:31:08, 12
13:31:08, 17
13:31:08, 6
13:31:08, 11
13:31:08, 39
13:31:08, 69
13:31:08, 96
13:31:08, 96
13:31:08, 73
13:31:08, 56
13:31:08, 59
13:31:08, 54
13:31:08, 16
13:31:08, -25
13:31:08, -34
13:31:08, 17
13:31:08, 83
13:31:08, 113
13:31:08, 101
13:31:08, 54
13:31:09, 22
13:31:09, 27
13:31:09, 57
13:31:09, 85
13:31:09, 88
13:31:09, 73
13:31:09, 53
13:31:09, 35
13:31:09, 34
13:31:09, 34
13:31:09, 12
13:31:09, -11
13:31:09, -21
13:31:09, -9
13:31:09, 12
13:31:09, 27
13:31:09, -2
13:31:09, -58
13:31:09, -62
13:31:09, 16
13:31:09, 134
13:31:09, 218
13:31:09, 240
13:31:09, 215
13:31:09, 172
13:31:09, 162
13:31:09, 217
13:31:09, 276
13:31:09, 256
13:31:09, 186
13:31:09, 135
13:31:09, 162
13:31:09, 249
13:31:09, 340
13:31:09, 412
13:31:09, 442
13:31:09, 418
13:31:09, 371
13:31:09, 331
13:31:09, 312
13:31:09, 295
13:31:09, 257
13:31:09, 189
13:31:09, 119
13:31:09, 80
13:31:09, 75
13:31:09, 90
13:31:09, 91
13:31:09, 67
13:31:09, 51
13:31:09, 60
13:31:09, 76
13:31:09, 69
13:31:09, 34
13:31:09, -6
13:31:09, -25
13:31:09, -18
13:31:09, 2
13:31:09, 4
13:31:09, -2
13:31:09, -5
13:31:09, -9
13:31:09, -26
13:31:09, -44
13:31:09, -54
13:31:09, -58
13:31:09, -58
13:31:09, -57
13:31:09, -57
13:31:09, -61
13:31:09, -71
13:31:09, -77
13:31:09, -70
13:31:09, -54
13:31:09, -44
13:31:09, -55
13:31:09, -55
13:31:09, -45
13:31:09, -39
13:31:09, -22
13:31:09, -11
13:31:09, -22
13:31:09, -39
13:31:09, -43
13:31:09, -42
13:31:09, -43
13:31:09, -51
13:31:09, -50
13:31:09, -40
13:31:09, -35
13:31:09, -27
13:31:09, -26
13:31:09, -35
13:31:09, -36
13:31:09, -22
13:31:09, -5
13:31:09, 5
13:31:09, 5
13:31:09, -13
13:31:09, -45
13:31:09, -53
13:31:09, -23
13:31:09, 4
13:31:09, 8
13:31:09, 5
13:31:09, 6
13:31:09, 2
13:31:09, -5
13:31:09, 1
13:31:09, 9
13:31:09, 18
13:31:09, 19
13:31:09, 20
13:31:09, 24
13:31:09, 36
13:31:09, 38
13:31:09, 32
13:31:09, 22
13:31:09, 41
13:31:09, 61
13:31:09, 52
13:31:09, 19
13:31:09, -7
13:31:09, -28
13:31:09, -24
13:31:09, 18
13:31:09, 52
13:31:09, 44
13:31:09, 27
13:31:09, 33
13:31:09, 51
13:31:09, 83
13:31:09, 107
13:31:09, 104
13:31:09, 87
13:31:09, 70
13:31:09, 40
13:31:09, 16
13:31:09, 11
13:31:09, 12
13:31:09, 9
13:31:09, 4
13:31:09, 1
13:31:09, 1
13:31:09, 8
13:31:09, 26
13:31:09, 51
13:31:09, 60
13:31:09, 70
13:31:09, 74
13:31:09, 68
13:31:09, 58
13:31:09, 58
13:31:09, 74
13:31:09, 85
13:31:09, 76
13:31:09, 70
13:31:09, 76
13:31:09, 80
13:31:09, 73
13:31:09, 52
13:31:09, 11
13:31:09, -25
13:31:09, -55
13:31:09, -77
13:31:09, -108
13:31:09, -122
13:31:09, -91
13:31:09, -34
13:31:09, 4
13:31:09, -5
13:31:09, -60
13:31:09, -98
13:31:09, -68
13:31:09, -14
13:31:09, -6
13:31:09, -57
13:31:09, -129
13:31:09, -182
13:31:09, -203
13:31:09, -194
13:31:09, -169
13:31:09, -149
13:31:09, -142
13:31:09, -140
13:31:09, -132
13:31:09, -122
13:31:09, -125
13:31:09, -163
13:31:09, -205
13:31:09, -221
13:31:09, -222
13:31:09, -221
13:31:09, -206
13:31:09, -188
13:31:09, -179
13:31:09, -165
13:31:09, -149
13:31:09, -146
13:31:09, -146
13:31:09, -133
13:31:09, -110
13:31:09, -87
13:31:09, -71
13:31:09, -86
13:31:09, -102
13:31:09, -92
13:31:09, -69
13:31:09, -45
13:31:09, -27
13:31:09, -10
13:31:09, 12
13:31:09, 38
13:31:09, 51
13:31:09, 50
13:31:09, 43
13:31:09, 44
13:31:09, 53
13:31:09, 55
13:31:09, 42
13:31:09, 35
13:31:09, 40
13:31:09, 42
13:31:09, 49
13:31:09, 57
13:31:09, 68
13:31:09, 76
13:31:09, 86
13:31:09, 101
13:31:09, 108
13:31:09, 102
13:31:09, 90
13:31:09, 82
13:31:09, 85
13:31:09, 104
13:31:09, 124
13:31:09, 119
13:31:09, 96
13:31:09, 67
13:31:09, 64
13:31:09, 68
13:31:09, 68
13:31:09, 80
13:31:09, 88
13:31:09, 83
13:31:09, 75
13:31:09, 77
13:31:09, 92
13:31:09, 120
13:31:09, 144
13:31:09, 151
13:31:09, 149
13:31:09, 147
13:31:09, 151
13:31:09, 166
13:31:09, 182
13:31:09, 180
13:31:09, 152
13:31:09, 115
13:31:09, 102
13:31:09, 109
13:31:09, 119
13:31:09, 119
13:31:09, 119
13:31:09, 120
13:31:09, 121
13:31:09, 121
13:31:09, 114
13:31:09, 120
13:31:09, 150
13:31:09, 162
13:31:09, 138
13:31:09, 113
13:31:09, 101
13:31:09, 114
13:31:09, 135
13:31:09, 144
13:31:09, 116
13:31:09, 80
13:31:09, 52
13:31:09, 58
13:31:09, 88
13:31:09, 114
13:31:09, 122
13:31:09, 116
13:31:09, 101
13:31:09, 104
13:31:09, 123
13:31:09, 145
13:31:09, 144
13:31:09, 116
13:31:09, 91
13:31:09, 70
13:31:09, 51
13:31:09, 43
13:31:09, 33
13:31:09, 19
13:31:09, 22
13:31:09, 42
13:31:09, 73
13:31:09, 107
13:31:09, 118
13:31:09, 112
13:31:09, 105
13:31:09, 106
13:31:09, 114
13:31:09, 122
13:31:09, 120
13:31:09, 93
13:31:09, 40
13:31:09, -20
13:31:09, -58
13:31:09, -40
13:31:09, 23
13:31:09, 93
13:31:09, 151
13:31:09, 181
13:31:09, 179
13:31:09, 168
13:31:09, 180
13:31:09, 213
13:31:09, 263
13:31:09, 298
13:31:09, 310
13:31:09, 311
13:31:09, 311
13:31:09, 330
13:31:09, 360
13:31:09, 362
13:31:09, 341
13:31:09, 332
13:31:09, 327
13:31:09, 310
13:31:09, 281
13:31:09, 259
13:31:09, 241
13:31:09, 214
13:31:09, 176
13:31:09, 146
13:31:09, 139
13:31:09, 150
13:31:09, 157
13:31:09, 145
13:31:09, 109
13:31:09, 74
13:31:09, 49
13:31:09, 35
13:31:09, 37
13:31:09, 48
13:31:09, 50
13:31:09, 49
13:31:09, 44
13:31:09, 39
13:31:09, 27
13:31:09, 26
13:31:09, 28
13:31:09, 17
13:31:09, 5
13:31:09, 7
13:31:09, 16
13:31:09, 27
13:31:09, 38
13:31:09, 32
13:31:09, 21
13:31:09, 8
13:31:09, 9
13:31:09, 18
13:31:09, 13
13:31:09, 5
13:31:09, 6
13:31:09, 17
13:31:09, 34
13:31:09, 36
13:31:09, 23
13:31:09, 10
13:31:09, -7
13:31:09, -36
13:31:09, -41
13:31:09, -10
13:31:09, 26
13:31:09, 41
13:31:09, 26
13:31:09, 12
13:31:09, 25
13:31:09, 48
13:31:09, 52
13:31:09, 38
13:31:09, 26
13:31:09, 21
13:31:09, 5
13:31:09, -18
13:31:09, -41
13:31:09, -51
13:31:09, -46
13:31:09, -39
13:31:09, -26
13:31:09, -5
13:31:09, 5
13:31:09, 1
13:31:09, 4
13:31:09, 12
13:31:09, 7
13:31:09, 4
13:31:09, 16
13:31:09, 27
13:31:09, 41
13:31:09, 56
13:31:09, 55
13:31:09, 38
13:31:09, 23
13:31:09, 4
13:31:09, -40
13:31:09, -69
13:31:09, -44
13:31:09, -9
13:31:09, 18
13:31:09, 19
13:31:09, 2
13:31:09, -19
13:31:09, -35
13:31:09, -10
13:31:09, 33
13:31:09, 57
13:31:09, 65
13:31:09, 57
13:31:09, 45
13:31:09, 54
13:31:09, 54
13:31:09, 34
13:31:09, 16
13:31:09, 22
13:31:09, 49
13:31:09, 52
13:31:09, 42
13:31:09, 28
13:31:09, 17
13:31:09, 12
13:31:09, 23
13:31:09, 35
13:31:09, 44
13:31:09, 37
13:31:09, 18
13:31:09, 5
13:31:09, 9
13:31:09, 11
13:31:09, -9
13:31:09, -18
13:31:09, 17
13:31:09, 51
13:31:09, 49
13:31:09, 34
13:31:09, 24
13:31:09, 16
13:31:09, 7
13:31:09, 22
13:31:09, 48
13:31:09, 51
13:31:09, 32
13:31:09, 21
13:31:09, 35
13:31:09, 48
13:31:09, 60
13:31:09, 70
13:31:09, 72
13:31:09, 66
13:31:09, 50
13:31:09, 25
13:31:09, 4
13:31:09, -8
13:31:09, -1
13:31:09, 21
13:31:09, 38
13:31:09, 36
13:31:09, 19
13:31:09, 5
13:31:09, -6
13:31:09, -17
13:31:09, -29
13:31:09, -59
13:31:09, -78
13:31:09, -56
13:31:09, -4
13:31:09, 40
13:31:09, 66
13:31:09, 85
13:31:09, 105
13:31:09, 96
13:31:09, 55
13:31:09, 35
13:31:09, 56
13:31:09, 98
13:31:09, 107
13:31:09, 80
13:31:09, 25
13:31:09, -11
13:31:09, 5
13:31:09, 48
13:31:09, 81
13:31:09, 108
13:31:09, 108
13:31:09, 87
13:31:09, 75
13:31:09, 72
13:31:09, 72
13:31:09, 74
13:31:09, 58
13:31:09, 36
13:31:09, 42
13:31:09, 76
13:31:09, 103
13:31:09, 101
13:31:10, 75
13:31:10, 55
13:31:10, 51
13:31:10, 52
13:31:10, 49
13:31:10, 40
13:31:10, 40
13:31:10, 64
13:31:10, 93
13:31:10, 99
13:31:10, 82
13:31:10, 71
13:31:10, 73
13:31:10, 59
13:31:10, 36
13:31:10, 12
13:31:10, 19
13:31:10, 55
13:31:10, 102
13:31:10, 103
13:31:10, 51
13:31:10, 2
13:31:10, 36
13:31:10, 125
13:31:10, 188
13:31:10, 188
13:31:10, 137
13:31:10, 88
13:31:10, 89
13:31:10, 128
13:31:10, 154
13:31:10, 160
13:31:10, 151
13:31:10, 145
13:31:10, 147
13:31:10, 148
13:31:10, 148
13:31:10, 131
13:31:10, 106
13:31:10, 100
13:31:10, 93
13:31:10, 64
13:31:10, 25
13:31:10, 4
13:31:10, -4
13:31:10, 8
13:31:10, 35
13:31:10, 52
13:31:10, 56
13:31:10, 43
13:31:10, 33
13:31:10, 29
13:31:10, 41
13:31:10, 60
13:31:10, 61
13:31:10, 44
13:31:10, 38
13:31:10, 43
13:31:10, 57
13:31:10, 58
13:31:10, 42
13:31:10, 10
13:31:10, -1
13:31:10, 21
13:31:10, 43
13:31:10, 42
13:31:10, 24
13:31:10, 10
13:31:10, 16
13:31:10, 18
13:31:10, -3
13:31:10, -13
13:31:10, -14
13:31:10, -9
13:31:10, -12
13:31:10, -24
13:31:10, -27
13:31:10, -10
13:31:10, 3
13:31:10, 9
13:31:10, 20
13:31:10, 29
13:31:10, 24
13:31:10, 5
13:31:10, -14
13:31:10, -13
13:31:10, -5
13:31:10, 1
13:31:10, 2
13:31:10, 0
13:31:10, -6
13:31:10, -7
13:31:10, 5
13:31:10, 18
13:31:10, 18
13:31:10, 17
13:31:10, 10
13:31:10, -6
13:31:10, -36
13:31:10, -67
13:31:10, -85
13:31:10, -84
13:31:10, -67
13:31:10, -50
13:31:10, -37
13:31:10, -27
13:31:10, -36
13:31:10, -49
13:31:10, -40
13:31:10, -26
13:31:10, -21
13:31:10, -19
13:31:10, -18
13:31:10, -19
13:31:10, -24
13:31:10, -27
13:31:10, -57
13:31:10, -84
13:31:10, -59
13:31:10, -21
13:31:10, -3
13:31:10, 1
13:31:10, -2
13:31:10, -5
13:31:10, -2
13:31:10, -2
13:31:10, -1
13:31:10, 6
13:31:10, 9
13:31:10, 1
13:31:10, -12
13:31:10, -22
13:31:10, -10
13:31:10, -2
13:31:10, -17
13:31:10, -36
13:31:10, -55
13:31:10, -60
13:31:10, -28
13:31:10, 34
13:31:10, 76
13:31:10, 82
13:31:10, 74
13:31:10, 83
13:31:10, 100
13:31:10, 119
13:31:10, 120
13:31:10, 99
13:31:10, 65
13:31:10, 34
13:31:10, -6
13:31:10, -37
13:31:10, -39
13:31:10, -3
13:31:10, 23
13:31:10, 21
13:31:10, 33
13:31:10, 74
13:31:10, 128
13:31:10, 145
13:31:10, 128
13:31:10, 105
13:31:10, 90
13:31:10, 71
13:31:10, 44
13:31:10, 34
13:31:10, 42
13:31:10, 59
13:31:10, 75
13:31:10, 88
13:31:10, 89
13:31:10, 81
13:31:10, 73
13:31:10, 76
13:31:10, 69
13:31:10, 66
13:31:10, 75
13:31:10, 85
13:31:10, 72
13:31:10, 44
13:31:10, 37
13:31:10, 57
13:31:10, 91
13:31:10, 100
13:31:10, 69
13:31:10, 36
13:31:10, 22
13:31:10, 17
13:31:10, 34
13:31:10, 60
13:31:10, 75
13:31:10, 57
13:31:10, 27
13:31:10, 10
13:31:10, 16
13:31:10, 43
13:31:10, 74
13:31:10, 89
13:31:10, 81
13:31:10, 69
13:31:10, 67
13:31:10, 60
13:31:10, 41
13:31:10, 21
13:31:10, 17
13:31:10, 19
13:31:10, 13
13:31:10, 16
13:31:10, 17
13:31:10, 4
13:31:10, -2
13:31:10, 17
13:31:10, 36
13:31:10, 41
13:31:10, 28
13:31:10, 2
13:31:10, 2
13:31:10, 24
13:31:10, 48
13:31:10, 54
13:31:10, 39
13:31:10, 23
13:31:10, 19
13:31:10, 17
13:31:10, 25
13:31:10, 49
13:31:10, 72
13:31:10, 96
13:31:10, 90
13:31:10, 57
13:31:10, 37
13:31:10, 33
13:31:10, 35
13:31:10, 49
13:31:10, 65
13:31:10, 55
13:31:10, 25
13:31:10, -3
13:31:10, -18
13:31:10, -3
13:31:10, 25
13:31:10, 52
13:31:10, 55
13:31:10, 52
13:31:10, 68
13:31:10, 72
13:31:10, 36
13:31:10, -17
13:31:10, -35
13:31:10, -1
13:31:10, 59
13:31:10, 93
13:31:10, 85
13:31:10, 74
13:31:10, 97
13:31:10, 119
13:31:10, 113
13:31:10, 96
13:31:10, 90
13:31:10, 77
13:31:10, 43
13:31:10, 8
13:31:10, 6
13:31:10, 42
13:31:10, 88
13:31:10, 123
13:31:10, 140
13:31:10, 144
13:31:10, 146
13:31:10, 161
13:31:10, 166
13:31:10, 138
13:31:10, 90
13:31:10, 48
13:31:10, 23
13:31:10, 33
13:31:10, 58
13:31:10, 54
13:31:10, 17
13:31:10, 5
13:31:10, 33
13:31:10, 61
13:31:10, 65
13:31:10, 35
13:31:10, 1
13:31:10, -9
13:31:10, 16
13:31:10, 59
13:31:10, 89
13:31:10, 99
13:31:10, 90
13:31:10, 83
13:31:10, 80
13:31:10, 72
13:31:10, 58
13:31:10, 44
13:31:10, 26
13:31:10, 6
13:31:10, -5
13:31:10, -8
13:31:10, 1
13:31:10, 22
13:31:10, 38
13:31:10, 29
13:31:10, 20
13:31:10, 20
13:31:10, 36
13:31:10, 48
13:31:10, 27
13:31:10, -1
13:31:10, -1
13:31:10, 11
13:31:10, 12
13:31:10, 13
13:31:10, 18
13:31:10, 26
13:31:10, 38
13:31:10, 42
13:31:10, 53
13:31:10, 60
13:31:10, 60
13:31:10, 40
13:31:10, 11
13:31:10, -6
13:31:10, -6
13:31:10, -13
13:31:10, -21
13:31:10, -3
13:31:10, 23
13:31:10, 28
13:31:10, 27
13:31:10, 21
13:31:10, 17
13:31:10, 23
13:31:10, 37
13:31:10, 50
13:31:10, 42
13:31:10, 29
13:31:10, 3
13:31:10, -55
13:31:10, -114
13:31:10, -105
13:31:10, -13
13:31:10, 74
13:31:10, 99
13:31:10, 82
13:31:10, 57
13:31:10, 51
13:31:10, 67
13:31:10, 93
13:31:10, 108
13:31:10, 81
13:31:10, 21
13:31:10, -17
13:31:10, -26
13:31:10, -21
13:31:10, -10
13:31:10, 4
13:31:10, 17
13:31:10, 32
13:31:10, 39
13:31:10, 37
13:31:10, 36
13:31:10, 24
13:31:10, 5
13:31:10, -5
13:31:10, -5
13:31:10, 4
13:31:10, 17
13:31:10, 23
13:31:10, 19
13:31:10, 5
13:31:10, -2
13:31:10, -12
13:31:10, -25
13:31:10, -40
13:31:10, -60
13:31:10, -61
13:31:10, -22
13:31:10, 32
13:31:10, 58
13:31:10, 42
13:31:10, 21
13:31:10, 17
13:31:10, 26
13:31:10, 39
13:31:10, 39
13:31:10, 36
13:31:10, 27
13:31:10, 18
13:31:10, 11
13:31:10, 11
13:31:10, 23
13:31:10, 36
13:31:10, 49
13:31:10, 51
13:31:10, 51
13:31:10, 57
13:31:10, 43
13:31:10, 13
13:31:10, 9
13:31:10, 17
13:31:10, 6
13:31:10, -4
13:31:10, 9
13:31:10, 43
13:31:10, 75
13:31:10, 84
13:31:10, 73
13:31:10, 72
13:31:10, 85
13:31:10, 85
13:31:10, 60
13:31:10, 36
13:31:10, 34
13:31:10, 45
13:31:10, 59
13:31:10, 58
13:31:10, 49
13:31:10, 41
13:31:10, 54
13:31:10, 71
13:31:10, 80
13:31:10, 71
13:31:10, 55
13:31:10, 49
13:31:10, 55
13:31:10, 58
13:31:10, 42
13:31:10, 35
13:31:10, 43
13:31:10, 54
13:31:10, 60
13:31:10, 54
13:31:10, 28
13:31:10, 6
13:31:10, 10
13:31:10, 22
13:31:10, 17
13:31:10, 10
13:31:10, 9
13:31:10, -6
13:31:10, -40
13:31:10, -54
13:31:10, -8
13:31:10, 74
13:31:10, 149
13:31:10, 178
13:31:10, 153
13:31:10, 119
13:31:10, 101
13:31:10, 104
13:31:10, 129
13:31:10, 139
13:31:10, 125
13:31:10, 99
13:31:10, 69
13:31:10, 51
13:31:10, 36
13:31:10, 13
13:31:10, 17
13:31:10, 53
13:31:10, 86
13:31:10, 99
13:31:10, 99
13:31:10, 85
13:31:10, 58
13:31:10, 28
13:31:10, 9
13:31:10, 17
13:31:10, 43
13:31:10, 67
13:31:10, 67
13:31:10, 58
13:31:10, 55
13:31:10, 54
13:31:10, 52
13:31:10, 59
13:31:10, 73
13:31:10, 74
13:31:10, 58
13:31:10, 45
13:31:10, 42
13:31:10, 39
13:31:10, 38
13:31:10, 35
13:31:10, 28
13:31:10, 21
13:31:10, 16
13:31:10, 22
13:31:10, 23
13:31:10, 12
13:31:10, 10
13:31:10, 19
13:31:10, 39
13:31:10, 43
13:31:10, 13
13:31:10, -12
13:31:10, -20
13:31:10, 1
13:31:10, 27
13:31:10, 20
13:31:10, -12
13:31:10, -23
13:31:10, 8
13:31:10, 60
13:31:10, 64
13:31:10, 6
13:31:10, -26
13:31:10, 4
13:31:10, 69
13:31:10, 121
13:31:10, 139
13:31:10, 121
13:31:10, 99
13:31:10, 90
13:31:10, 92
13:31:10, 90
13:31:11, 74
13:31:11, 57
13:31:11, 48
13:31:11, 38
13:31:11, 23
13:31:11, -5
13:31:11, -44
13:31:11, -62
13:31:11, -50
13:31:11, -20
13:31:11, 8
13:31:11, 32
13:31:11, 54
13:31:11, 81
13:31:11, 87
13:31:11, 80
13:31:11, 64
13:31:11, 52
13:31:11, 56
13:31:11, 65
13:31:11, 67
13:31:11, 64
13:31:11, 58
13:31:11, 48
13:31:11, 16
13:31:11, -3
13:31:11, 3
13:31:11, 17
13:31:11, 40
13:31:11, 65
13:31:11, 71
13:31:11, 59
13:31:11, 29
13:31:11, 4
13:31:11, -13
13:31:11, -6
13:31:11, 20
13:31:11, 40
13:31:11, 40
13:31:11, 26
13:31:11, 25
13:31:11, 25
13:31:11, 24
13:31:11, 32
13:31:11, 32
13:31:11, 18
13:31:11, -5
13:31:11, -12
13:31:11, -1
13:31:11, 20
13:31:11, 39
13:31:11, 49
13:31:11, 56
13:31:11, 66
13:31:11, 66
13:31:11, 66
13:31:11, 76
13:31:11, 96
13:31:11, 89
13:31:11, 65
13:31:11, 51
13:31:11, 45
13:31:11, 40
13:31:11, 45
13:31:11, 50
13:31:11, 36
13:31:11, 24
13:31:11, 36
13:31:11, 55
13:31:11, 76
13:31:11, 97
13:31:11, 100
13:31:11, 89
13:31:11, 77
13:31:11, 64
13:31:11, 49
13:31:11, 44
13:31:11, 57
13:31:11, 70
13:31:11, 64
13:31:11, 51
13:31:11, 44
13:31:11, 42
13:31:11, 39
13:31:11, 39
13:31:11, 43
13:31:11, 52
13:31:11, 53
13:31:11, 44
13:31:11, 49
13:31:11, 50
13:31:11, 35
13:31:11, 18
13:31:11, 25
13:31:11, 52
13:31:11, 68
13:31:11, 66
13:31:11, 58
13:31:11, 53
13:31:11, 40
13:31:11, 25
13:31:11, 11
13:31:11, 5
13:31:11, 0
13:31:11, 8
13:31:11, 29
13:31:11, 49
13:31:11, 37
13:31:11, 20
13:31:11, 20
13:31:11, 43
13:31:11, 65
13:31:11, 65
13:31:11, 57
13:31:11, 53
13:31:11, 43
13:31:11, 38
13:31:11, 44
13:31:11, 49
13:31:11, 40
13:31:11, 21
13:31:11, 8
13:31:11, 18
13:31:11, 41
13:31:11, 54
13:31:11, 40
13:31:11, 16
13:31:11, 1
13:31:11, 6
13:31:11, 21
13:31:11, 26
13:31:11, 33
13:31:11, 43
13:31:11, 56
13:31:11, 58
13:31:11, 59
13:31:11, 45
13:31:11, 16
13:31:11, 12
13:31:11, 43
13:31:11, 67
13:31:11, 59
13:31:11, 42
13:31:11, 40
13:31:11, 49
13:31:11, 58
13:31:11, 57
13:31:11, 48
13:31:11, 39
13:31:11, 41
13:31:11, 41
13:31:11, 34
13:31:11, 29
13:31:11, 40
13:31:11, 50
13:31:11, 58
13:31:11, 55
13:31:11, 54
13:31:11, 50
13:31:11, 54
13:31:11, 56
13:31:11, 59
13:31:11, 64
13:31:11, 54
13:31:11, 42
13:31:11, 28
13:31:11, 22
13:31:11, 19
13:31:11, 23
13:31:11, 35
13:31:11, 51
13:31:11, 68
13:31:11, 88
13:31:11, 97
13:31:11, 80
13:31:11, 57
13:31:11, 49
13:31:11, 56
13:31:11, 59
13:31:11, 53
13:31:11, 43
13:31:11, 36
13:31:11, 33
13:31:11, 35
13:31:11, 41
13:31:11, 44
13:31:11, 42
13:31:11, 55
13:31:11, 76
13:31:11, 85
13:31:11, 67
13:31:11, 50
13:31:11, 39
13:31:11, 37
13:31:11, 39
13:31:11, 37
13:31:11, 45
13:31:11, 60
13:31:11, 55
13:31:11, 49
13:31:11, 52
13:31:11, 54
13:31:11, 49
13:31:11, 54
13:31:11, 57
13:31:11, 48
13:31:11, 32
13:31:11, 20
13:31:11, 19
13:31:11, 8
13:31:11, -3
13:31:11, 3
13:31:11, 24
13:31:11, 39
13:31:11, 36
13:31:11, 22
13:31:11, 22
13:31:11, 41
13:31:11, 53
13:31:11, 40
13:31:11, 13
13:31:11, 10
13:31:11, 53
13:31:11, 93
13:31:11, 114
13:31:11, 100
13:31:11, 72
13:31:11, 64
13:31:11, 76
13:31:11, 88
13:31:11, 80
13:31:11, 57
13:31:11, 43
13:31:11, 44
13:31:11, 48
13:31:11, 41
13:31:11, 25
13:31:11, 16
13:31:11, 21
13:31:11, 21
13:31:11, 8
13:31:11, -3
13:31:11, 3
13:31:11, 17
13:31:11, 26
13:31:11, 29
13:31:11, 28
13:31:11, 35
13:31:11, 43
13:31:11, 54
13:31:11, 51
13:31:11, 42
13:31:11, 44
13:31:11, 50
13:31:11, 45
13:31:11, 43
13:31:11, 45
13:31:11, 39
13:31:11, 38
13:31:11, 35
13:31:11, 25
13:31:11, 12
13:31:11, 19
13:31:11, 25
13:31:11, 17
13:31:11, 6
13:31:11, 3
13:31:11, 5
13:31:11, 20
13:31:11, 36
13:31:11, 39
13:31:11, 38
13:31:11, 35
13:31:11, 39
13:31:11, 37
13:31:11, 37
13:31:11, 40
13:31:11, 27
13:31:11, 6
13:31:11, 3
13:31:11, 20
13:31:11, 44
13:31:11, 59
13:31:11, 57
13:31:11, 37
13:31:11, 21
13:31:11, 36
13:31:11, 64
13:31:11, 87
13:31:11, 91
13:31:11, 56
13:31:11, 13
13:31:11, 8
13:31:11, 22
13:31:11, 19
13:31:11, 8
13:31:11, 0
13:31:11, 9
13:31:11, 41
13:31:11, 52
13:31:11, 34
13:31:11, 13
13:31:11, 9
13:31:11, 13
13:31:11, 27
13:31:11, 41
13:31:11, 53
13:31:11, 56
13:31:11, 60
13:31:11, 65
13:31:11, 68
13:31:11, 66
13:31:11, 54
13:31:11, 50
13:31:11, 55
13:31:11, 58
13:31:11, 60
13:31:11, 59
13:31:11, 45
13:31:11, 32
13:31:11, 25
13:31:11, 23
13:31:11, 32
13:31:11, 44
13:31:11, 41
13:31:11, 20
13:31:11, 4
13:31:11, 5
13:31:11, 17
13:31:11, 17
13:31:11, -1
13:31:11, -26
13:31:11, -41
13:31:11, -45
13:31:11, -46
13:31:11, -41
13:31:11, -24
13:31:11, 17
13:31:11, 60
13:31:11, 75
13:31:11, 66
13:31:11, 56
13:31:11, 64
13:31:11, 64
13:31:11, 52
13:31:11, 32
13:31:11, 13
13:31:11, -4
13:31:11, -41
13:31:11, -77
13:31:11, -84
13:31:11, -45
13:31:11, -12
13:31:11, -17
13:31:11, -28
13:31:11, -28
13:31:11, -18
13:31:11, -3
13:31:11, 5
13:31:11, 2
13:31:11, -8
13:31:11, -25
13:31:11, -39
13:31:11, -40
13:31:11, -35
13:31:11, -26
13:31:11, -24
13:31:11, -25
13:31:11, -27
13:31:11, -29
13:31:11, -33
13:31:11, -23
13:31:11, -6
13:31:11, 0
13:31:11, -9
13:31:11, -25
13:31:11, -28
13:31:11, -34
13:31:11, -41
13:31:11, -39
13:31:11, -22
13:31:11, 5
13:31:11, 44
13:31:11, 70
13:31:11, 84
13:31:11, 96
13:31:11, 96
13:31:11, 87
13:31:11, 98
13:31:11, 115
13:31:11, 117
13:31:11, 93
13:31:11, 83
13:31:11, 88
13:31:11, 83
13:31:11, 69
13:31:11, 61
13:31:11, 60
13:31:11, 64
13:31:11, 66
13:31:11, 66
13:31:11, 68
13:31:11, 74
13:31:11, 71
13:31:11, 48
13:31:11, 24
13:31:11, 18
13:31:11, 21
13:31:11, 27
13:31:11, 64
13:31:11, 88
13:31:11, 68
13:31:11, 33
13:31:11, 9
13:31:11, 11
13:31:11, 38
13:31:11, 71
13:31:11, 88
13:31:11, 83
13:31:11, 71
13:31:11, 72
13:31:11, 88
13:31:11, 100
13:31:11, 105
13:31:11, 99
13:31:11, 74
13:31:11, 57
13:31:11, 64
13:31:11, 69
13:31:11, 72
13:31:11, 68
13:31:11, 52
13:31:11, 37
13:31:11, 38
13:31:11, 56
13:31:11, 73
13:31:11, 75
13:31:11, 68
13:31:11, 43
13:31:11, 26
13:31:11, 44
13:31:11, 80
13:31:11, 90
13:31:11, 77
13:31:11, 72
13:31:11, 74
13:31:11, 76
13:31:11, 82
13:31:11, 75
13:31:11, 68
13:31:11, 58
13:31:11, 44
13:31:11, 36
13:31:11, 33
13:31:11, 42
13:31:11, 59
13:31:11, 66
13:31:11, 58
13:31:11, 55
13:31:11, 56
13:31:11, 53
13:31:11, 49
13:31:11, 43
13:31:11, 43
13:31:11, 66
13:31:11, 84
13:31:11, 85
13:31:11, 73
13:31:11, 68
13:31:11, 68
13:31:11, 74
13:31:11, 85
13:31:11, 90
13:31:11, 77
13:31:11, 58
13:31:11, 51
13:31:11, 42
13:31:11, 32
13:31:11, 17
13:31:11, 10
13:31:11, 8
13:31:11, 12
13:31:11, 7
13:31:11, 1
13:31:11, 4
13:31:11, 16
13:31:11, 33
13:31:11, 52
13:31:11, 56
13:31:11, 51
13:31:11, 45
13:31:11, 53
13:31:11, 61
13:31:11, 67
13:31:11, 75
13:31:11, 72
13:31:11, 32
13:31:11, -26
13:31:11, -60
13:31:11, -42
13:31:11, 21
13:31:11, 121
13:31:11, 212
13:31:11, 232
13:31:11, 193
13:31:11, 154
13:31:11, 176
13:31:11, 228
13:31:11, 277
13:31:11, 311
13:31:11, 313
13:31:11, 288
13:31:12, 248
13:31:12, 224
13:31:12, 205
13:31:12, 205
13:31:12, 225
13:31:12, 230
13:31:12, 208
13:31:12, 168
13:31:12, 133
13:31:12, 103
13:31:12, 83
13:31:12, 68
13:31:12, 70
13:31:12, 84
13:31:12, 96
13:31:12, 85
13:31:12, 69
13:31:12, 60
13:31:12, 71
13:31:12, 75
13:31:12, 61
13:31:12, 41
13:31:12, 33
13:31:12, 25
13:31:12, 32
13:31:12, 43
13:31:12, 42
13:31:12, 48
13:31:12, 58
13:31:12, 55
13:31:12, 48
13:31:12, 24
13:31:12, 11
13:31:12, 8
13:31:12, 4
13:31:12, -5
13:31:12, -6
13:31:12, 6
13:31:12, 25
13:31:12, 34
13:31:12, 20
13:31:12, 3
13:31:12, -4
13:31:12, -2
13:31:12, -13
13:31:12, -28
13:31:12, -28
13:31:12, -23
13:31:12, -19
13:31:12, -21
13:31:12, -27
13:31:12, -36
13:31:12, -27
13:31:12, -9
13:31:12, 17
13:31:12, 36
13:31:12, 43
13:31:12, 23
13:31:12, -5
13:31:12, -25
13:31:12, -39
13:31:12, -54
13:31:12, -55
13:31:12, -25
13:31:12, 2
13:31:12, 7
13:31:12, -11
13:31:12, -44
13:31:12, -55
13:31:12, -36
13:31:12, -17
13:31:12, -12
13:31:12, 3
13:31:12, 45
13:31:12, 81
13:31:12, 77
13:31:12, 48
13:31:12, 12
13:31:12, -1
13:31:12, -7
13:31:12, 6
13:31:12, 36
13:31:12, 59
13:31:12, 66
13:31:12, 34
13:31:12, -9
13:31:12, -28
13:31:12, -10
13:31:12, 27
13:31:12, 57
13:31:12, 64
13:31:12, 56
13:31:12, 43
13:31:12, 32
13:31:12, 3
13:31:12, -36
13:31:12, -52
13:31:12, -29
13:31:12, 16
13:31:12, 35
13:31:12, 22
13:31:12, 18
13:31:12, 36
13:31:12, 56
13:31:12, 65
13:31:12, 53
13:31:12, 39
13:31:12, 26
13:31:12, 20
13:31:12, 22
13:31:12, 27
13:31:12, 23
13:31:12, 7
13:31:12, 3
13:31:12, 11
13:31:12, 12
13:31:12, 13
13:31:12, 17
13:31:12, 23
13:31:12, 28
13:31:12, 23
13:31:12, 11
13:31:12, 4
13:31:12, 5
13:31:12, 22
13:31:12, 51
13:31:12, 80
13:31:12, 100
13:31:12, 117
13:31:12, 122
13:31:12, 125
13:31:12, 129
13:31:12, 119
13:31:12, 101
13:31:12, 85
13:31:12, 65
13:31:12, 43
13:31:12, 34
13:31:12, 25
13:31:12, 8
13:31:12, 1
13:31:12, 17
13:31:12, 36
13:31:12, 54
13:31:12, 61
13:31:12, 69
13:31:12, 55
13:31:12, 52
13:31:12, 65
13:31:12, 70
13:31:12, 55
13:31:12, 27
13:31:12, 13
13:31:12, 23
13:31:12, 45
13:31:12, 57
13:31:12, 40
13:31:12, 27
13:31:12, 42
13:31:12, 48
13:31:12, 26
13:31:12, 25
13:31:12, 44
13:31:12, 55
13:31:12, 55
13:31:12, 54
13:31:12, 56
13:31:12, 52
13:31:12, 42
13:31:12, 41
13:31:12, 60
13:31:12, 72
13:31:12, 64
13:31:12, 48
13:31:12, 38
13:31:12, 40
13:31:12, 36
13:31:12, 25
13:31:12, 24
13:31:12, 11
13:31:12, -19
13:31:12, -37
13:31:12, -19
13:31:12, 19
13:31:12, 29
13:31:12, 20
13:31:12, 5
13:31:12, 4
13:31:12, 10
13:31:12, 26
13:31:12, 50
13:31:12, 56
13:31:12, 40
13:31:12, 24
13:31:12, 22
13:31:12, 24
13:31:12, 32
13:31:12, 36
13:31:12, 37
13:31:12, 35
13:31:12, 34
13:31:12, 41
13:31:12, 33
13:31:12, 6
13:31:12, -9
13:31:12, -8
13:31:12, 6
13:31:12, 10
13:31:12, -10
13:31:12, -51
13:31:12, -90
13:31:12, -103
13:31:12, -66
13:31:12, -10
13:31:12, 5
13:31:12, -1
13:31:12, -22
13:31:12, -60
13:31:12, -73
13:31:12, -50
13:31:12, -46
13:31:12, -62
13:31:12, -76
13:31:12, -85
13:31:12, -100
13:31:12, -114
13:31:12, -100
13:31:12, -62
13:31:12, -45
13:31:12, -40
13:31:12, -22
13:31:12, -12
13:31:12, -28
13:31:12, -43
13:31:12, -46
13:31:12, -49
13:31:12, -41
13:31:12, -28
13:31:12, -12
13:31:12, 7
13:31:12, 10
13:31:12, -12
13:31:12, -41
13:31:12, -52
13:31:12, -34
13:31:12, -8
13:31:12, -5
13:31:12, -22
13:31:12, -28
13:31:12, -10
13:31:12, 16
13:31:12, 33
13:31:12, 25
13:31:12, 19
13:31:12, 18
13:31:12, 22
13:31:12, 33
13:31:12, 58
13:31:12, 91
13:31:12, 112
13:31:12, 100
13:31:12, 72
13:31:12, 70
13:31:12, 83
13:31:12, 99
13:31:12, 108
13:31:12, 108
13:31:12, 103
13:31:12, 92
13:31:12, 96
13:31:12, 96
13:31:12, 86
13:31:12, 90
13:31:12, 97
13:31:12, 98
13:31:12, 90
13:31:12, 73
13:31:12, 68
13:31:12, 85
13:31:12, 103
13:31:12, 103
13:31:12, 97
13:31:12, 96
13:31:12, 87
13:31:12, 72
13:31:12, 66
13:31:12, 73
13:31:12, 84
13:31:12, 77
13:31:12, 61
13:31:12, 64
13:31:12, 75
13:31:12, 73
13:31:12, 53
13:31:12, 38
13:31:12, 38
13:31:12, 37
13:31:12, 35
13:31:12, 37
13:31:12, 44
13:31:12, 44
13:31:12, 50
13:31:12, 67
13:31:12, 88
13:31:12, 93
13:31:12, 98
13:31:12, 99
13:31:12, 97
13:31:12, 88
13:31:12, 73
13:31:12, 56
13:31:12, 59
13:31:12, 65
13:31:12, 66
13:31:12, 55
13:31:12, 38
13:31:12, 37
13:31:12, 45
13:31:12, 43
13:31:12, 40
13:31:12, 48
13:31:12, 49
13:31:12, 37
13:31:12, 27
13:31:12, 24
13:31:12, 7
13:31:12, -9
13:31:12, -5
13:31:12, 16
13:31:12, 43
13:31:12, 67
13:31:12, 75
13:31:12, 72
13:31:12, 82
13:31:12, 97
13:31:12, 101
13:31:12, 77
13:31:12, 58
13:31:12, 53
13:31:12, 64
13:31:12, 74
13:31:12, 81
13:31:12, 69
13:31:12, 57
13:31:12, 67
13:31:12, 72
13:31:12, 64
13:31:12, 54
13:31:12, 59
13:31:12, 64
13:31:12, 53
13:31:12, 49
13:31:12, 49
13:31:12, 50
13:31:12, 52
13:31:12, 41
13:31:12, 38
13:31:12, 48
13:31:12, 51
13:31:12, 26
13:31:12, -8
13:31:12, -35
13:31:12, -22
13:31:12, 34
13:31:12, 104
13:31:12, 148
13:31:12, 147
13:31:12, 116
13:31:12, 100
13:31:12, 124
13:31:12, 167
13:31:12, 192
13:31:12, 198
13:31:12, 197
13:31:12, 184
13:31:12, 162
13:31:12, 132
13:31:12, 105
13:31:12, 93
13:31:12, 106
13:31:12, 118
13:31:12, 128
13:31:12, 122
13:31:12, 104
13:31:12, 82
13:31:12, 71
13:31:12, 73
13:31:12, 80
13:31:12, 91
13:31:12, 93
13:31:12, 76
13:31:12, 65
13:31:12, 65
13:31:12, 76
13:31:12, 96
13:31:12, 105
13:31:12, 97
13:31:12, 84
13:31:12, 75
13:31:12, 71
13:31:12, 60
13:31:12, 58
13:31:12, 72
13:31:12, 74
13:31:12, 59
13:31:12, 38
13:31:12, 44
13:31:12, 64
13:31:12, 59
13:31:12, 49
13:31:12, 44
13:31:12, 52
13:31:12, 57
13:31:12, 66
13:31:12, 69
13:31:12, 55
13:31:12, 37
13:31:12, 27
13:31:12, 36
13:31:12, 40
13:31:12, 26
13:31:12, 17
13:31:12, 37
13:31:12, 55
13:31:12, 43
13:31:12, 19
13:31:12, 6
13:31:12, 8
13:31:12, 0
13:31:12, -24
13:31:12, -24
13:31:12, -5
13:31:12, 11
13:31:12, 23
13:31:12, 17
13:31:12, 7
13:31:12, 11
13:31:12, 34
13:31:12, 71
13:31:12, 88
13:31:12, 73
13:31:12, 57
13:31:12, 41
13:31:12, 27
13:31:12, 27
13:31:12, 41
13:31:12, 58
13:31:12, 64
13:31:12, 64
13:31:12, 39
13:31:12, 24
13:31:12, 33
13:31:12, 37
13:31:12, 21
13:31:12, 11
13:31:12, 24
13:31:12, 34
13:31:12, 20
13:31:12, 18
13:31:12, 25
13:31:12, 16
13:31:12, 21
13:31:12, 48
13:31:12, 51
13:31:12, 35
13:31:12, 11
13:31:12, 21
13:31:12, 25
13:31:12, -2
13:31:12, 5
13:31:12, 52
13:31:12, 66
13:31:12, 18
13:31:12, -21
13:31:12, -28
13:31:12, 4
13:31:12, 13
13:31:12, -6
13:31:12, -8
13:31:12, -14
13:31:12, -7
13:31:12, 22
13:31:12, 32
13:31:12, 16
13:31:12, -3
13:31:12, 16
13:31:12, 56
13:31:12, 54
13:31:12, 3
13:31:12, -10
13:31:12, -7
13:31:12, -41
13:31:12, -67
13:31:12, -74
13:31:12, -72
13:31:12, -59
13:31:12, -43
13:31:12, -6
13:31:12, 49
13:31:12, 80
13:31:12, 71
13:31:12, 80
13:31:12, 104
13:31:12, 104
13:31:12, 93
13:31:12, 76
13:31:12, 82
13:31:12, 81
13:31:12, 50
13:31:12, 9
13:31:12, -2
13:31:12, 25
13:31:13, 50
13:31:13, 64
13:31:13, 60
13:31:13, 2
13:31:13, -41
13:31:13, -37
13:31:13, -2
13:31:13, 53
13:31:13, 97
13:31:13, 101
13:31:13, 71
13:31:13, 37
13:31:13, 19
13:31:13, 25
13:31:13, 26
13:31:13, 49
13:31:13, 75
13:31:13, 37
13:31:13, -24
13:31:13, -49
13:31:13, -37
13:31:13, -13
13:31:13, 5
13:31:13, 26
13:31:13, 49
13:31:13, 61
13:31:13, 58
13:31:13, 35
13:31:13, 19
13:31:13, 11
13:31:13, 2
13:31:13, 5
13:31:13, 5
13:31:13, 11
13:31:13, 29
13:31:13, 28
13:31:13, 0
13:31:13, -12
13:31:13, -1
13:31:13, 3
13:31:13, -6
13:31:13, -5
13:31:13, 4
13:31:13, 19
13:31:13, 34
13:31:13, 43
13:31:13, 48
13:31:13, 39
13:31:13, 23
13:31:13, 20
13:31:13, 24
13:31:13, 35
13:31:13, 39
13:31:13, 25
13:31:13, 2
13:31:13, -6
13:31:13, 6
13:31:13, 9
13:31:13, 7
13:31:13, 6
13:31:13, 20
13:31:13, 42
13:31:13, 67
13:31:13, 86
13:31:13, 100
13:31:13, 108
13:31:13, 114
13:31:13, 103
13:31:13, 72
13:31:13, 42
13:31:13, 39
13:31:13, 59
13:31:13, 77
13:31:13, 66
13:31:13, 36
13:31:13, 29
13:31:13, 56
13:31:13, 108
13:31:13, 166
13:31:13, 180
13:31:13, 149
13:31:13, 115
13:31:13, 96
13:31:13, 75
13:31:13, 80
13:31:13, 93
13:31:13, 114
13:31:13, 146
13:31:13, 147
13:31:13, 134
13:31:13, 129
13:31:13, 128
13:31:13, 129
13:31:13, 137
13:31:13, 146
13:31:13, 147
13:31:13, 123
13:31:13, 103
13:31:13, 114
13:31:13, 133
13:31:13, 137
13:31:13, 134
13:31:13, 125
13:31:13, 138
13:31:13, 148
13:31:13, 144
13:31:13, 132
13:31:13, 139
13:31:13, 153
13:31:13, 153
13:31:13, 152
13:31:13, 117
13:31:13, 67
13:31:13, 44
13:31:13, 50
13:31:13, 56
13:31:13, 87
13:31:13, 108
13:31:13, 90
13:31:13, 66
13:31:13, 58
13:31:13, 52
13:31:13, 54
13:31:13, 104
13:31:13, 137
13:31:13, 100
13:31:13, 57
13:31:13, 54
13:31:13, 74
13:31:13, 85
13:31:13, 85
13:31:13, 72
13:31:13, 43
13:31:13, 18
13:31:13, 3
13:31:13, -2
13:31:13, -20
13:31:13, -21
13:31:13, 4
13:31:13, 33
13:31:13, 50
13:31:13, 55
13:31:13, 48
13:31:13, 32
13:31:13, 32
13:31:13, 51
13:31:13, 51
13:31:13, 24
13:31:13, 8
13:31:13, -34
13:31:13, -68
13:31:13, -36
13:31:13, 17
13:31:13, 33
13:31:13, 22
13:31:13, 35
13:31:13, 86
13:31:13, 130
13:31:13, 146
13:31:13, 135
13:31:13, 101
13:31:13, 58
13:31:13, 39
13:31:13, 29
13:31:13, 5
13:31:13, -25
13:31:13, -43
13:31:13, -17
13:31:13, 28
13:31:13, 42
13:31:13, 33
13:31:13, 22
13:31:13, 24
13:31:13, 39
13:31:13, 36
13:31:13, 2
13:31:13, -28
13:31:13, -54
13:31:13, -82
13:31:13, -102
13:31:13, -114
13:31:13, -116
13:31:13, -130
13:31:13, -135
13:31:13, -110
13:31:13, -76
13:31:13, -39
13:31:13, -39
13:31:13, -75
13:31:13, -82
13:31:13, -33
13:31:13, 21
13:31:13, 66
13:31:13, 90
13:31:13, 88
13:31:13, 60
13:31:13, 10
13:31:13, -21
13:31:13, 2
13:31:13, 70
13:31:13, 124
13:31:13, 120
13:31:13, 84
13:31:13, 56
13:31:13, 53
13:31:13, 67
13:31:13, 71
13:31:13, 65
13:31:13, 45
13:31:13, 36
13:31:13, 50
13:31:13, 58
13:31:13, 66
13:31:13, 77
13:31:13, 84
13:31:13, 84
13:31:13, 96
13:31:13, 107
13:31:13, 90
13:31:13, 37
13:31:13, -25
13:31:13, -50
13:31:13, -44
13:31:13, -44
13:31:13, -56
13:31:13, -40
13:31:13, -12
13:31:13, 16
13:31:13, 45
13:31:13, 72
13:31:13, 85
13:31:13, 91
13:31:13, 100
13:31:13, 98
13:31:13, 87
13:31:13, 85
13:31:13, 77
13:31:13, 77
13:31:13, 77
13:31:13, 64
13:31:13, 32
13:31:13, 4
13:31:13, -5
13:31:13, -4
13:31:13, -3
13:31:13, -5
13:31:13, -2
13:31:13, 9
13:31:13, 18
13:31:13, 48
13:31:13, 87
13:31:13, 98
13:31:13, 98
13:31:13, 82
13:31:13, 38
13:31:13, 7
13:31:13, 2
13:31:13, 18
13:31:13, 38
13:31:13, 56
13:31:13, 76
13:31:13, 74
13:31:13, 53
13:31:13, 35
13:31:13, 35
13:31:13, 39
13:31:13, 57
13:31:13, 90
13:31:13, 117
13:31:13, 138
13:31:13, 135
13:31:13, 108
13:31:13, 87
13:31:13, 81
13:31:13, 99
13:31:13, 124
13:31:13, 136
13:31:13, 115
13:31:13, 67
13:31:13, 36
13:31:13, 35
13:31:13, 38
13:31:13, 53
13:31:13, 80
13:31:13, 105
13:31:13, 112
13:31:13, 107
13:31:13, 77
13:31:13, 28
13:31:13, 9
13:31:13, 12
13:31:13, -9
13:31:13, -56
13:31:13, -82
13:31:13, -86
13:31:13, -35
13:31:13, 51
13:31:13, 91
13:31:13, 69
13:31:13, 17
13:31:13, -13
13:31:13, -12
13:31:13, -1
13:31:13, 0
13:31:13, 0
13:31:13, -5
13:31:13, -18
13:31:13, -17
13:31:13, 16
13:31:13, 53
13:31:13, 60
13:31:13, 49
13:31:13, 17
13:31:13, -2
13:31:13, 25
13:31:13, 66
13:31:13, 76
13:31:13, 53
13:31:13, 13
13:31:13, -8
13:31:13, 3
13:31:13, 39
13:31:13, 57
13:31:13, 50
13:31:13, 28
13:31:13, 21
13:31:13, 16
13:31:13, 9
13:31:13, 13
13:31:13, 7
13:31:13, -11
13:31:13, -26
13:31:13, -33
13:31:13, -2
13:31:13, 28
13:31:13, 23
13:31:13, 4
13:31:13, 16
13:31:13, 44
13:31:13, 67
13:31:13, 69
13:31:13, 57
13:31:13, 38
13:31:13, 35
13:31:13, 48
13:31:13, 38
13:31:13, -3
13:31:13, -36
13:31:13, -49
13:31:13, -74
13:31:13, -89
13:31:13, -100
13:31:13, -91
13:31:13, -37
13:31:13, 27
13:31:13, 73
13:31:13, 97
13:31:13, 113
13:31:13, 112
13:31:13, 112
13:31:13, 136
13:31:13, 172
13:31:13, 185
13:31:13, 172
13:31:13, 138
13:31:13, 98
13:31:13, 72
13:31:13, 66
13:31:13, 59
13:31:13, 58
13:31:13, 54
13:31:13, 39
13:31:13, 22
13:31:13, 12
13:31:13, 0
13:31:13, 0
13:31:13, 12
13:31:13, 26
13:31:13, 36
13:31:13, 38
13:31:13, 27
13:31:13, 12
13:31:13, 8
13:31:13, 21
13:31:13, 28
13:31:13, 5
13:31:13, -26
13:31:13, -13
13:31:13, 24
13:31:13, 41
13:31:13, 42
13:31:13, 59
13:31:13, 65
13:31:13, 25
13:31:13, -13
13:31:13, -24
13:31:13, -3
13:31:13, 33
13:31:13, 75
13:31:13, 88
13:31:13, 59
13:31:13, 34
13:31:13, 45
13:31:13, 80
13:31:13, 83
13:31:13, 70
13:31:13, 81
13:31:13, 98
13:31:13, 101
13:31:13, 92
13:31:13, 72
13:31:13, 48
13:31:13, 34
13:31:13, 23
13:31:13, -3
13:31:13, -33
13:31:13, -55
13:31:13, -59
13:31:13, -52
13:31:13, -58
13:31:13, -86
13:31:13, -137
13:31:13, -172
13:31:13, -105
13:31:13, 54
13:31:13, 194
13:31:13, 216
13:31:13, 164
13:31:13, 132
13:31:13, 176
13:31:13, 240
13:31:13, 268
13:31:13, 308
13:31:13, 336
13:31:13, 296
13:31:13, 240
13:31:13, 210
13:31:13, 193
13:31:13, 173
13:31:13, 173
13:31:13, 187
13:31:13, 194
13:31:13, 182
13:31:13, 157
13:31:13, 128
13:31:13, 90
13:31:13, 59
13:31:13, 40
13:31:13, 35
13:31:13, 28
13:31:13, 21
13:31:13, 12
13:31:13, 2
13:31:13, -3
13:31:13, 8
13:31:13, 9
13:31:13, -2
13:31:13, -6
13:31:13, -4
13:31:13, 3
13:31:13, 6
13:31:13, 0
13:31:13, -5
13:31:13, 6
13:31:13, 19
13:31:13, 26
13:31:13, 22
13:31:13, 6
13:31:13, -8
13:31:13, -17
13:31:13, -5
13:31:13, 3
13:31:13, 0
13:31:13, -5
13:31:13, -9
13:31:13, -20
13:31:13, -26
13:31:13, -18
13:31:13, -18
13:31:13, -44
13:31:13, -90
13:31:13, -113
13:31:13, -83
13:31:13, -27
13:31:13, -6
13:31:13, -21
13:31:13, -55
13:31:13, -99
13:31:13, -123
13:31:13, -120
13:31:13, -65
13:31:13, 20
13:31:13, 48
13:31:13, 17
13:31:13, -20
13:31:13, -21
13:31:13, 21
13:31:13, 72
13:31:13, 107
13:31:13, 130
13:31:13, 135
13:31:13, 118
13:31:13, 77
13:31:13, 43
13:31:13, 27
13:31:13, 23
13:31:13, 33
13:31:13, 41
13:31:13, 16
13:31:13, -29
13:31:13, -56
13:31:13, -35
13:31:13, 7
13:31:13, 40
13:31:13, 52
13:31:13, 50
13:31:13, 42
13:31:13, 37
13:31:13, 27
13:31:13, 24
13:31:13, 12
13:31:13, -12
13:31:13, -41
13:31:13, -49
13:31:13, -33
13:31:14, -9
13:31:14, 16
13:31:14, 36
13:31:14, 21
13:31:14, -13
13:31:14, -38
13:31:14, -39
13:31:14, -14
13:31:14, 6
13:31:14, -19
13:31:14, -54
13:31:14, -49
13:31:14, -23
13:31:14, -9
13:31:14, 7
13:31:14, 34
13:31:14, 43
13:31:14, 52
13:31:14, 50
13:31:14, 17
13:31:14, -21
13:31:14, -33
13:31:14, -17
13:31:14, 4
13:31:14, 19
13:31:14, 6
13:31:14, -28
13:31:14, -40
13:31:14, -14
13:31:14, 1
13:31:14, -7
13:31:14, -20
13:31:14, -28
13:31:14, -50
13:31:14, -76
13:31:14, -75
13:31:14, -42
13:31:14, -9
13:31:14, -10
13:31:14, -13
13:31:14, 4
13:31:14, 27
13:31:14, 48
13:31:14, 54
13:31:14, 53
13:31:14, 57
13:31:14, 60
13:31:14, 53
13:31:14, 32
13:31:14, 11
13:31:14, 22
13:31:14, 45
13:31:14, 52
13:31:14, 49
13:31:14, 37
13:31:14, 26
13:31:14, 24
13:31:14, 37
13:31:14, 52
13:31:14, 64
13:31:14, 56
13:31:14, 42
13:31:14, 35
13:31:14, 43
13:31:14, 51
13:31:14, 41
13:31:14, 41
13:31:14, 54
13:31:14, 84
13:31:14, 107
13:31:14, 106
13:31:14, 87
13:31:14, 60
13:31:14, 39
13:31:14, 16
13:31:14, -27
13:31:14, -55
13:31:14, -30
13:31:14, 8
13:31:14, 38
13:31:14, 39
13:31:14, 40
13:31:14, 50
13:31:14, 56
13:31:14, 66
13:31:14, 74
13:31:14, 68
13:31:14, 52
13:31:14, 20
13:31:14, -11
13:31:14, -29
13:31:14, -43
13:31:14, -56
13:31:14, -37
13:31:14, 19
13:31:14, 72
13:31:14, 107
13:31:14, 130
13:31:14, 133
13:31:14, 109
13:31:14, 68
13:31:14, 18
13:31:14, 0
13:31:14, 48
13:31:14, 108
13:31:14, 129
13:31:14, 106
13:31:14, 90
13:31:14, 81
13:31:14, 68
13:31:14, 64
13:31:14, 74
13:31:14, 64
13:31:14, 34
13:31:14, 35
13:31:14, 39
13:31:14, 26
13:31:14, 12
13:31:14, 24
13:31:14, 48
13:31:14, 58
13:31:14, 65
13:31:14, 75
13:31:14, 98
13:31:14, 119
13:31:14, 104
13:31:14, 52
13:31:14, 17
13:31:14, 20
13:31:14, 55
13:31:14, 81
13:31:14, 93
13:31:14, 96
13:31:14, 81
13:31:14, 72
13:31:14, 60
13:31:14, 44
13:31:14, 43
13:31:14, 51
13:31:14, 53
13:31:14, 60
13:31:14, 61
13:31:14, 42
13:31:14, 22
13:31:14, 20
13:31:14, 48
13:31:14, 68
13:31:14, 65
13:31:14, 57
13:31:14, 61
13:31:14, 70
13:31:14, 82
13:31:14, 83
13:31:14, 61
13:31:14, 21
13:31:14, -5
13:31:14, 10
13:31:14, 34
13:31:14, 48
13:31:14, 54
13:31:14, 44
13:31:14, 33
13:31:14, 28
13:31:14, 11
13:31:14, 7
13:31:14, 40
13:31:14, 52
13:31:14, 29
13:31:14, 23
13:31:14, 58
13:31:14, 136
13:31:14, 189
13:31:14, 185
13:31:14, 152
13:31:14, 168
13:31:14, 218
13:31:14, 244
13:31:14, 227
13:31:14, 164
13:31:14, 89
13:31:14, 113
13:31:14, 226
13:31:14, 315
13:31:14, 311
13:31:14, 280
13:31:14, 265
13:31:14, 224
13:31:14, 161
13:31:14, 179
13:31:14, 276
13:31:14, 375
13:31:14, 400
13:31:14, 315
13:31:14, 195
13:31:14, 129
13:31:14, 125
13:31:14, 141
13:31:14, 163
13:31:14, 186
13:31:14, 185
13:31:14, 145
13:31:14, 104
13:31:14, 133
13:31:14, 213
13:31:14, 282
13:31:14, 298
13:31:14, 283
13:31:14, 268
13:31:14, 249
13:31:14, 186
13:31:14, 83
13:31:14, -2
13:31:14, -56
13:31:14, -92
13:31:14, -108
13:31:14, -106
13:31:14, -114
13:31:14, -136
13:31:14, -166
13:31:14, -195
13:31:14, -217
13:31:14, -234
13:31:14, -260
13:31:14, -266
13:31:14, -242
13:31:14, -242
13:31:14, -294
13:31:14, -328
13:31:14, -281
13:31:14, -198
13:31:14, -123
13:31:14, -105
13:31:14, -138
13:31:14, -172
13:31:14, -179
13:31:14, -148
13:31:14, -90
13:31:14, -58
13:31:14, -86
13:31:14, -136
13:31:14, -163
13:31:14, -177
13:31:14, -183
13:31:14, -179
13:31:14, -162
13:31:14, -161
13:31:14, -180
13:31:14, -198
13:31:14, -173
13:31:14, -116
13:31:14, -67
13:31:14, -54
13:31:14, -68
13:31:14, -102
13:31:14, -137
13:31:14, -135
13:31:14, -97
13:31:14, -65
13:31:14, -59
13:31:14, -67
13:31:14, -91
13:31:14, -138
13:31:14, -154
13:31:14, -121
13:31:14, -83
13:31:14, -81
13:31:14, -100
13:31:14, -113
13:31:14, -98
13:31:14, -50
13:31:14, -8
13:31:14, 18
13:31:14, 48
13:31:14, 72
13:31:14, 90
13:31:14, 107
13:31:14, 106
13:31:14, 84
13:31:14, 75
13:31:14, 87
13:31:14, 82
13:31:14, 49
13:31:14, 21
13:31:14, 11
13:31:14, 2
13:31:14, -2
13:31:14, -1
13:31:14, 0
13:31:14, 12
13:31:14, 48
13:31:14, 72
13:31:14, 40
13:31:14, -21
13:31:14, -46
13:31:14, -29
13:31:14, 1
13:31:14, 42
13:31:14, 85
13:31:14, 116
13:31:14, 121
13:31:14, 113
13:31:14, 86
13:31:14, 64
13:31:14, 60
13:31:14, 84
13:31:14, 116
13:31:14, 137
13:31:14, 136
13:31:14, 120
13:31:14, 106
13:31:14, 108
13:31:14, 136
13:31:14, 154
13:31:14, 146
13:31:14, 132
13:31:14, 120
13:31:14, 103
13:31:14, 56
13:31:14, -4
13:31:14, -33
13:31:14, 5
13:31:14, 68
13:31:14, 90
13:31:14, 81
13:31:14, 73
13:31:14, 83
13:31:14, 67
13:31:14, 22
13:31:14, -4
13:31:14, 2
13:31:14, 52
13:31:14, 122
13:31:14, 150
13:31:14, 139
13:31:14, 148
13:31:14, 173
13:31:14, 173
13:31:14, 156
13:31:14, 148
13:31:14, 148
13:31:14, 125
13:31:14, 90
13:31:14, 77
13:31:14, 92
13:31:14, 107
13:31:14, 107
13:31:14, 116
13:31:14, 128
13:31:14, 115
13:31:14, 97
13:31:14, 89
13:31:14, 83
13:31:14, 83
13:31:14, 65
13:31:14, 38
13:31:14, 68
13:31:14, 133
13:31:14, 169
13:31:14, 157
13:31:14, 135
13:31:14, 128
13:31:14, 107
13:31:14, 51
13:31:14, -22
13:31:14, -34
13:31:14, 48
13:31:14, 161
13:31:14, 209
13:31:14, 203
13:31:14, 186
13:31:14, 168
13:31:14, 163
13:31:14, 171
13:31:14, 196
13:31:14, 198
13:31:14, 182
13:31:14, 185
13:31:14, 183
13:31:14, 148
13:31:14, 113
13:31:14, 115
13:31:14, 154
13:31:14, 212
13:31:14, 232
13:31:14, 197
13:31:14, 149
13:31:14, 104
13:31:14, 53
13:31:14, -8
13:31:14, -45
13:31:14, -21
13:31:14, 35
13:31:14, 74
13:31:14, 76
13:31:14, 60
13:31:14, 48
13:31:14, 55
13:31:14, 80
13:31:14, 80
13:31:14, 61
13:31:14, 57
13:31:14, 58
13:31:14, 59
13:31:14, 60
13:31:14, 65
13:31:14, 58
13:31:14, 39
13:31:14, 21
13:31:14, 12
13:31:14, 20
13:31:14, 39
13:31:14, 72
13:31:14, 92
13:31:14, 82
13:31:14, 43
13:31:14, 6
13:31:14, -9
13:31:14, -3
13:31:14, 8
13:31:14, 1
13:31:14, -10
13:31:14, -14
13:31:14, -22
13:31:14, -26
13:31:14, -17
13:31:14, 8
13:31:14, 25
13:31:14, 35
13:31:14, 33
13:31:14, 23
13:31:14, 32
13:31:14, 58
13:31:14, 101
13:31:14, 119
13:31:14, 80
13:31:14, 40
13:31:14, 33
13:31:14, 45
13:31:14, 70
13:31:14, 89
13:31:14, 82
13:31:14, 66
13:31:14, 65
13:31:14, 66
13:31:14, 51
13:31:14, 38
13:31:14, 34
13:31:14, 27
13:31:14, 17
13:31:14, 10
13:31:14, 11
13:31:14, 10
13:31:14, 18
13:31:14, 52
13:31:14, 85
13:31:14, 89
13:31:14, 71
13:31:14, 59
13:31:14, 56
13:31:14, 56
13:31:14, 55
13:31:14, 60
13:31:14, 71
13:31:14, 72
13:31:14, 71
13:31:14, 74
13:31:14, 77
13:31:14, 85
13:31:14, 58
13:31:14, 8
13:31:14, 3
13:31:14, 42
13:31:14, 84
13:31:14, 89
13:31:14, 83
13:31:14, 82
13:31:14, 84
13:31:14, 88
13:31:14, 100
13:31:14, 112
13:31:14, 114
13:31:14, 104
13:31:14, 82
13:31:14, 42
13:31:14, 3
13:31:14, -35
13:31:14, -69
13:31:14, -100
13:31:14, -116
13:31:14, -86
13:31:14, -13
13:31:14, 73
13:31:14, 128
13:31:14, 121
13:31:14, 83
13:31:14, 48
13:31:14, 42
13:31:14, 58
13:31:14, 58
13:31:14, 44
13:31:14, 37
13:31:14, 28
13:31:14, 17
13:31:14, -4
13:31:14, -22
13:31:14, -20
13:31:14, -11
13:31:14, -13
13:31:14, -13
13:31:14, -12
13:31:14, -23
13:31:14, -45
13:31:14, -58
13:31:15, -34
13:31:15, 20
13:31:15, 49
13:31:15, 55
13:31:15, 75
13:31:15, 93
13:31:15, 100
13:31:15, 87
13:31:15, 50
13:31:15, 7
13:31:15, -13
13:31:15, -26
13:31:15, -38
13:31:15, -12
13:31:15, 16
13:31:15, 16
13:31:15, 11
13:31:15, 36
13:31:15, 49
13:31:15, 57
13:31:15, 86
13:31:15, 101
13:31:15, 104
13:31:15, 114
13:31:15, 99
13:31:15, 52
13:31:15, 5
13:31:15, -1
13:31:15, 25
13:31:15, 66
13:31:15, 81
13:31:15, 53
13:31:15, 24
13:31:15, 20
13:31:15, 28
13:31:15, 36
13:31:15, 44
13:31:15, 57
13:31:15, 60
13:31:15, 51
13:31:15, 40
13:31:15, 52
13:31:15, 80
13:31:15, 91
13:31:15, 65
13:31:15, 32
13:31:15, 22
13:31:15, 28
13:31:15, 34
13:31:15, 43
13:31:15, 49
13:31:15, 32
13:31:15, 17
13:31:15, 12
13:31:15, 20
13:31:15, 41
13:31:15, 72
13:31:15, 96
13:31:15, 96
13:31:15, 69
13:31:15, 19
13:31:15, -2
13:31:15, 8
13:31:15, -2
13:31:15, -28
13:31:15, -11
13:31:15, 53
13:31:15, 97
13:31:15, 83
13:31:15, 56
13:31:15, 61
13:31:15, 96
13:31:15, 114
13:31:15, 116
13:31:15, 108
13:31:15, 82
13:31:15, 44
13:31:15, 36
13:31:15, 39
13:31:15, 39
13:31:15, 20
13:31:15, -11
13:31:15, -37
13:31:15, -18
13:31:15, 24
13:31:15, 44
13:31:15, 36
13:31:15, 17
13:31:15, 11
13:31:15, 36
13:31:15, 73
13:31:15, 91
13:31:15, 97
13:31:15, 99
13:31:15, 114
13:31:15, 121
13:31:15, 97
13:31:15, 57
13:31:15, 22
13:31:15, 3
13:31:15, 21
13:31:15, 58
13:31:15, 75
13:31:15, 66
13:31:15, 49
13:31:15, 50
13:31:15, 57
13:31:15, 59
13:31:15, 51
13:31:15, 36
13:31:15, 24
13:31:15, 13
13:31:15, 6
13:31:15, -6
13:31:15, -27
13:31:15, -30
13:31:15, -7
13:31:15, 33
13:31:15, 96
13:31:15, 132
13:31:15, 97
13:31:15, 10
13:31:15, -61
13:31:15, -74
13:31:15, -28
13:31:15, 65
13:31:15, 167
13:31:15, 199
13:31:15, 178
13:31:15, 163
13:31:15, 192
13:31:15, 273
13:31:15, 342
13:31:15, 345
13:31:15, 296
13:31:15, 252
13:31:15, 249
13:31:15, 280
13:31:15, 301
13:31:15, 289
13:31:15, 262
13:31:15, 252
13:31:15, 279
13:31:15, 317
13:31:15, 322
13:31:15, 294
13:31:15, 245
13:31:15, 173
13:31:15, 98
13:31:15, 38
13:31:15, 9
13:31:15, 24
13:31:15, 64
13:31:15, 99
13:31:15, 115
13:31:15, 87
13:31:15, 50
13:31:15, 27
13:31:15, 18
13:31:15, 16
13:31:15, 4
13:31:15, -23
13:31:15, -35
13:31:15, -23
13:31:15, -6
13:31:15, 0
13:31:15, -26
13:31:15, -87
13:31:15, -126
13:31:15, -107
13:31:15, -59
13:31:15, -25
13:31:15, -43
13:31:15, -85
13:31:15, -107
13:31:15, -117
13:31:15, -147
13:31:15, -154
13:31:15, -123
13:31:15, -77
13:31:15, -45
13:31:15, -36
13:31:15, -34
13:31:15, -24
13:31:15, -6
13:31:15, -8
13:31:15, -13
13:31:15, 3
13:31:15, 17
13:31:15, -5
13:31:15, -29
13:31:15, -54
13:31:15, -73
13:31:15, -68
13:31:15, -43
13:31:15, -13
13:31:15, -2
13:31:15, -34
13:31:15, -94
13:31:15, -130
13:31:15, -81
13:31:15, 17
13:31:15, 80
13:31:15, 67
13:31:15, 26
13:31:15, 4
13:31:15, 9
13:31:15, 27
13:31:15, 39
13:31:15, -2
13:31:15, -91
13:31:15, -134
13:31:15, -73
13:31:15, 8
13:31:15, 34
13:31:15, 38
13:31:15, 67
13:31:15, 100
13:31:15, 117
13:31:15, 123
13:31:15, 116
13:31:15, 80
13:31:15, 34
13:31:15, 4
13:31:15, -22
13:31:15, -52
13:31:15, -39
13:31:15, 19
13:31:15, 66
13:31:15, 70
13:31:15, 61
13:31:15, 68
13:31:15, 76
13:31:15, 74
13:31:15, 55
13:31:15, 37
13:31:15, 36
13:31:15, 41
13:31:15, 41
13:31:15, 32
13:31:15, 19
13:31:15, -3
13:31:15, -27
13:31:15, -44
13:31:15, -52
13:31:15, -46
13:31:15, -36
13:31:15, -30
13:31:15, -23
13:31:15, 17
13:31:15, 45
13:31:15, 25
13:31:15, 3
13:31:15, 23
13:31:15, 81
13:31:15, 115
13:31:15, 107
13:31:15, 84
13:31:15, 64
13:31:15, 41
13:31:15, 12
13:31:15, -5
13:31:15, -22
13:31:15, -26
13:31:15, 8
13:31:15, 58
13:31:15, 72
13:31:15, 66
13:31:15, 80
13:31:15, 99
13:31:15, 99
13:31:15, 89
13:31:15, 87
13:31:15, 90
13:31:15, 89
13:31:15, 70
13:31:15, 45
13:31:15, 49
13:31:15, 55
13:31:15, 51
13:31:15, 53
13:31:15, 60
13:31:15, 52
13:31:15, 18
13:31:15, -2
13:31:15, 5
13:31:15, -1
13:31:15, -28
13:31:15, -59
13:31:15, -66
13:31:15, -11
13:31:15, 88
13:31:15, 183
13:31:15, 225
13:31:15, 203
13:31:15, 165
13:31:15, 164
13:31:15, 179
13:31:15, 189
13:31:15, 213
13:31:15, 225
13:31:15, 213
13:31:15, 192
13:31:15, 164
13:31:15, 141
13:31:15, 134
13:31:15, 133
13:31:15, 148
13:31:15, 171
13:31:15, 178
13:31:15, 152
13:31:15, 96
13:31:15, 57
13:31:15, 40
13:31:15, 26
13:31:15, 38
13:31:15, 66
13:31:15, 73
13:31:15, 73
13:31:15, 82
13:31:15, 82
13:31:15, 67
13:31:15, 52
13:31:15, 33
13:31:15, 19
13:31:15, 22
13:31:15, 33
13:31:15, 41
13:31:15, 65
13:31:15, 60
13:31:15, -1
13:31:15, -61
13:31:15, -44
13:31:15, 26
13:31:15, 72
13:31:15, 67
13:31:15, 41
13:31:15, 26
13:31:15, 36
13:31:15, 58
13:31:15, 68
13:31:15, 52
13:31:15, 20
13:31:15, -4
13:31:15, -7
13:31:15, -14
13:31:15, -34
13:31:15, -35
13:31:15, -9
13:31:15, 9
13:31:15, 8
13:31:15, 2
13:31:15, 25
13:31:15, 55
13:31:15, 55
13:31:15, 28
13:31:15, 7
13:31:15, 7
13:31:15, 27
13:31:15, 44
13:31:15, 36
13:31:15, 16
13:31:15, 3
13:31:15, 5
13:31:15, 21
13:31:15, 37
13:31:15, 41
13:31:15, 56
13:31:15, 80
13:31:15, 92
13:31:15, 91
13:31:15, 86
13:31:15, 75
13:31:15, 69
13:31:15, 60
13:31:15, 12
13:31:15, -30
13:31:15, -22
13:31:15, 5
13:31:15, 32
13:31:15, 48
13:31:15, 69
13:31:15, 91
13:31:15, 118
13:31:15, 119
13:31:15, 86
13:31:15, 65
13:31:15, 66
13:31:15, 101
13:31:15, 155
13:31:15, 201
13:31:15, 217
13:31:15, 211
13:31:15, 209
13:31:15, 209
13:31:15, 201
13:31:15, 202
13:31:15, 204
13:31:15, 188
13:31:15, 213
13:31:15, 290
13:31:15, 344
13:31:15, 352
13:31:15, 354
13:31:15, 364
13:31:15, 340
13:31:15, 264
13:31:15, 177
13:31:15, 103
13:31:15, 65
13:31:15, 92
13:31:15, 154
13:31:15, 201
13:31:15, 205
13:31:15, 163
13:31:15, 100
13:31:15, 70
13:31:15, 101
13:31:15, 156
13:31:15, 163
13:31:15, 84
13:31:15, -25
13:31:15, -108
13:31:15, -148
13:31:15, -174
13:31:15, -211
13:31:15, -219
13:31:15, -195
13:31:15, -174
13:31:15, -198
13:31:15, -242
13:31:15, -261
13:31:15, -263
13:31:15, -274
13:31:15, -284
13:31:15, -276
13:31:15, -243
13:31:15, -219
13:31:15, -222
13:31:15, -247
13:31:15, -292
13:31:15, -350
13:31:15, -376
13:31:15, -357
13:31:15, -331
13:31:15, -290
13:31:15, -254
13:31:15, -243
13:31:15, -234
13:31:15, -232
13:31:15, -246
13:31:15, -258
13:31:15, -246
13:31:15, -227
13:31:15, -220
13:31:15, -221
13:31:15, -213
13:31:15, -214
13:31:15, -262
13:31:15, -281
13:31:15, -230
13:31:15, -171
13:31:15, -137
13:31:15, -130
13:31:15, -124
13:31:15, -107
13:31:15, -68
13:31:15, -22
13:31:15, -4
13:31:15, -8
13:31:15, -9
13:31:15, -5
13:31:15, 1
13:31:15, 1
13:31:15, 4
13:31:15, 18
13:31:15, 17
13:31:15, -5
13:31:15, -30
13:31:15, -38
13:31:15, -26
13:31:15, -12
13:31:15, -8
13:31:15, -1
13:31:15, -3
13:31:15, -21
13:31:15, -27
13:31:15, -19
13:31:15, -11
13:31:15, 6
13:31:15, 35
13:31:15, 45
13:31:15, 41
13:31:15, 45
13:31:15, 68
13:31:15, 98
13:31:15, 106
13:31:15, 85
13:31:15, 51
13:31:15, 39
13:31:15, 81
13:31:15, 106
13:31:15, 91
13:31:15, 67
13:31:15, 60
13:31:15, 71
13:31:15, 80
13:31:15, 97
13:31:15, 106
13:31:15, 104
13:31:15, 97
13:31:15, 99
13:31:15, 114
13:31:16, 109
13:31:16, 91
13:31:16, 103
13:31:16, 139
13:31:16, 165
13:31:16, 172
13:31:16, 160
13:31:16, 137
13:31:16, 138
13:31:16, 147
13:31:16, 140
13:31:16, 129
13:31:16, 120
13:31:16, 128
13:31:16, 131
13:31:16, 113
13:31:16, 86
13:31:16, 73
13:31:16, 74
13:31:16, 75
13:31:16, 72
13:31:16, 40
13:31:16, 2
13:31:16, 4
13:31:16, 12
13:31:16, 1
13:31:16, 22
13:31:16, 81
13:31:16, 140
13:31:16, 182
13:31:16, 194
13:31:16, 200
13:31:16, 205
13:31:16, 201
13:31:16, 171
13:31:16, 129
13:31:16, 101
13:31:16, 102
13:31:16, 103
13:31:16, 73
13:31:16, 33
13:31:16, 20
13:31:16, 60
13:31:16, 106
13:31:16, 116
13:31:16, 112
13:31:16, 91
13:31:16, 53
13:31:16, 26
13:31:16, 29
13:31:16, 43
13:31:16, 42
13:31:16, 26
13:31:16, 20
13:31:16, 21
13:31:16, 10
13:31:16, 8
13:31:16, 25
13:31:16, 35
13:31:16, 25
13:31:16, 8
13:31:16, -7
13:31:16, -5
13:31:16, 9
13:31:16, 45
13:31:16, 80
13:31:16, 93
13:31:16, 130
13:31:16, 179
13:31:16, 194
13:31:16, 168
13:31:16, 141
13:31:16, 137
13:31:16, 152
13:31:16, 161
13:31:16, 150
13:31:16, 131
13:31:16, 101
13:31:16, 66
13:31:16, 27
13:31:16, 2
13:31:16, -7
13:31:16, 0
13:31:16, 19
13:31:16, 36
13:31:16, 29
13:31:16, 26
13:31:16, 58
13:31:16, 88
13:31:16, 99
13:31:16, 109
13:31:16, 131
13:31:16, 146
13:31:16, 145
13:31:16, 125
13:31:16, 117
13:31:16, 113
13:31:16, 93
13:31:16, 58
13:31:16, 17
13:31:16, -24
13:31:16, -37
13:31:16, 10
13:31:16, 103
13:31:16, 161
13:31:16, 147
13:31:16, 112
13:31:16, 116
13:31:16, 152
13:31:16, 184
13:31:16, 187
13:31:16, 153
13:31:16, 102
13:31:16, 74
13:31:16, 76
13:31:16, 92
13:31:16, 98
13:31:16, 97
13:31:16, 102
13:31:16, 120
13:31:16, 136
13:31:16, 135
13:31:16, 104
13:31:16, 43
13:31:16, 2
13:31:16, 0
13:31:16, 16
13:31:16, 37
13:31:16, 55
13:31:16, 70
13:31:16, 82
13:31:16, 75
13:31:16, 60
13:31:16, 60
13:31:16, 64
13:31:16, 56
13:31:16, 67
13:31:16, 85
13:31:16, 86
13:31:16, 71
13:31:16, 56
13:31:16, 44
13:31:16, 51
13:31:16, 55
13:31:16, 36
13:31:16, 21
13:31:16, 19
13:31:16, 20
13:31:16, 11
13:31:16, -6
13:31:16, -22
13:31:16, -18
13:31:16, -6
13:31:16, -20
13:31:16, -38
13:31:16, -21
13:31:16, 21
13:31:16, 58
13:31:16, 67
13:31:16, 54
13:31:16, 59
13:31:16, 75
13:31:16, 88
13:31:16, 88
13:31:16, 80
13:31:16, 77
13:31:16, 87
13:31:16, 83
13:31:16, 70
13:31:16, 57
13:31:16, 54
13:31:16, 71
13:31:16, 76
13:31:16, 58
13:31:16, 42
13:31:16, 49
13:31:16, 52
13:31:16, 41
13:31:16, 32
13:31:16, 37
13:31:16, 48
13:31:16, 58
13:31:16, 69
13:31:16, 57
13:31:16, 32
13:31:16, 21
13:31:16, 21
13:31:16, 11
13:31:16, 8
13:31:16, 5
13:31:16, 2
13:31:16, 4
13:31:16, 34
13:31:16, 93
13:31:16, 145
13:31:16, 135
13:31:16, 84
13:31:16, 53
13:31:16, 58
13:31:16, 83
13:31:16, 87
13:31:16, 49
13:31:16, -1
13:31:16, -20
13:31:16, -9
13:31:16, 6
13:31:16, 11
13:31:16, 3
13:31:16, 1
13:31:16, 27
13:31:16, 42
13:31:16, 24
13:31:16, 12
13:31:16, 20
13:31:16, 27
13:31:16, 29
13:31:16, 27
13:31:16, 24
13:31:16, 22
13:31:16, 27
13:31:16, 21
13:31:16, -11
13:31:16, -55
13:31:16, -84
13:31:16, -71
13:31:16, -37
13:31:16, 6
13:31:16, 43
13:31:16, 81
13:31:16, 117
13:31:16, 128
13:31:16, 108
13:31:16, 87
13:31:16, 82
13:31:16, 92
13:31:16, 102
13:31:16, 91
13:31:16, 69
13:31:16, 53
13:31:16, 56
13:31:16, 45
13:31:16, 12
13:31:16, -29
13:31:16, -29
13:31:16, 32
13:31:16, 92
13:31:16, 112
13:31:16, 96
13:31:16, 69
13:31:16, 55
13:31:16, 55
13:31:16, 59
13:31:16, 81
13:31:16, 112
13:31:16, 130
13:31:16, 114
13:31:16, 52
13:31:16, -30
13:31:16, -101
13:31:16, -118
13:31:16, -62
13:31:16, 21
13:31:16, 89
13:31:16, 119
13:31:16, 116
13:31:16, 131
13:31:16, 161
13:31:16, 185
13:31:16, 195
13:31:16, 179
13:31:16, 172
13:31:16, 173
13:31:16, 140
13:31:16, 75
13:31:16, 29
13:31:16, 20
13:31:16, 32
13:31:16, 58
13:31:16, 86
13:31:16, 68
13:31:16, 42
13:31:16, 64
13:31:16, 106
13:31:16, 119
13:31:16, 90
13:31:16, 54
13:31:16, 53
13:31:16, 75
13:31:16, 97
13:31:16, 97
13:31:16, 82
13:31:16, 58
13:31:16, 32
13:31:16, 9
13:31:16, 0
13:31:16, -7
13:31:16, -21
13:31:16, -41
13:31:16, -55
13:31:16, -38
13:31:16, -19
13:31:16, -21
13:31:16, -25
13:31:16, -21
13:31:16, -18
13:31:16, -26
13:31:16, -41
13:31:16, -43
13:31:16, -20
13:31:16, 20
13:31:16, 36
13:31:16, 12
13:31:16, -9
13:31:16, -4
13:31:16, 23
13:31:16, 50
13:31:16, 59
13:31:16, 54
13:31:16, 33
13:31:16, 18
13:31:16, 24
13:31:16, 38
13:31:16, 33
13:31:16, 5
13:31:16, -19
13:31:16, -21
13:31:16, 1
13:31:16, 36
13:31:16, 54
13:31:16, 45
13:31:16, 29
13:31:16, 44
13:31:16, 81
13:31:16, 90
13:31:16, 83
13:31:16, 71
13:31:16, 61
13:31:16, 54
13:31:16, 51
13:31:16, 52
13:31:16, 52
13:31:16, 50
13:31:16, 44
13:31:16, 26
13:31:16, 8
13:31:16, -11
13:31:16, -50
13:31:16, -82
13:31:16, -71
13:31:16, -11
13:31:16, 53
13:31:16, 85
13:31:16, 73
13:31:16, 50
13:31:16, 37
13:31:16, 25
13:31:16, 19
13:31:16, 17
13:31:16, 17
13:31:16, -4
13:31:16, -38
13:31:16, -55
13:31:16, -46
13:31:16, -35
13:31:16, -21
13:31:16, -21
13:31:16, -26
13:31:16, -23
13:31:16, -6
13:31:16, 5
13:31:16, 1
13:31:16, -12
13:31:16, -25
13:31:16, -23
13:31:16, -3
13:31:16, 20
13:31:16, 36
13:31:16, 54
13:31:16, 65
13:31:16, 55
13:31:16, 25
13:31:16, 1
13:31:16, 7
13:31:16, 21
13:31:16, 34
13:31:16, 38
13:31:16, 37
13:31:16, 27
13:31:16, 16
13:31:16, 24
13:31:16, 40
13:31:16, 54
13:31:16, 59
13:31:16, 61
13:31:16, 56
13:31:16, 51
13:31:16, 38
13:31:16, 27
13:31:16, 20
13:31:16, 2
13:31:16, 1
13:31:16, 37
13:31:16, 72
13:31:16, 74
13:31:16, 69
13:31:16, 90
13:31:16, 128
13:31:16, 138
13:31:16, 133
13:31:16, 118
13:31:16, 103
13:31:16, 91
13:31:16, 72
13:31:16, 50
13:31:16, 39
13:31:16, 49
13:31:16, 43
13:31:16, 22
13:31:16, -9
13:31:16, -43
13:31:16, -53
13:31:16, -29
13:31:16, 5
13:31:16, 27
13:31:16, 20
13:31:16, 4
13:31:16, 20
13:31:16, 55
13:31:16, 87
13:31:16, 100
13:31:16, 104
13:31:16, 101
13:31:16, 86
13:31:16, 66
13:31:16, 45
13:31:16, 43
13:31:16, 54
13:31:16, 70
13:31:16, 89
13:31:16, 105
13:31:16, 117
13:31:16, 119
13:31:16, 103
13:31:16, 72
13:31:16, 45
13:31:16, 38
13:31:16, 56
13:31:16, 80
13:31:16, 74
13:31:16, 61
13:31:16, 50
13:31:16, 42
13:31:16, 64
13:31:16, 87
13:31:16, 84
13:31:16, 70
13:31:16, 66
13:31:16, 58
13:31:16, 37
13:31:16, 8
13:31:16, 2
13:31:16, 25
13:31:16, 55
13:31:16, 68
13:31:16, 48
13:31:16, 23
13:31:16, 23
13:31:16, 45
13:31:16, 60
13:31:16, 68
13:31:16, 66
13:31:16, 49
13:31:16, 28
13:31:16, 32
13:31:16, 45
13:31:16, 55
13:31:16, 70
13:31:16, 76
13:31:16, 66
13:31:16, 45
13:31:16, 37
13:31:16, 42
13:31:16, 38
13:31:16, 21
13:31:16, 20
13:31:16, 36
13:31:16, 39
13:31:16, 38
13:31:16, 40
13:31:16, 22
13:31:16, 3
13:31:16, 0
13:31:16, 19
13:31:16, 32
13:31:16, 23
13:31:16, 13
13:31:16, 16
13:31:16, 32
13:31:16, 56
13:31:16, 72
13:31:16, 73
13:31:16, 45
13:31:16, -2
13:31:16, -55
13:31:16, -76
13:31:16, -41
13:31:16, 32
13:31:16, 93
13:31:16, 115
13:31:16, 107
13:31:16, 102
13:31:16, 108
13:31:16, 102
13:31:16, 75
13:31:16, 69
13:31:17, 91
13:31:17, 100
13:31:17, 66
13:31:17, 18
13:31:17, -1
13:31:17, 20
13:31:17, 56
13:31:17, 75
13:31:17, 70
13:31:17, 64
13:31:17, 67
13:31:17, 72
13:31:17, 67
13:31:17, 33
13:31:17, -17
13:31:17, -44
13:31:17, -41
13:31:17, -30
13:31:17, -12
13:31:17, 17
13:31:17, 34
13:31:17, 25
13:31:17, 21
13:31:17, 32
13:31:17, 54
13:31:17, 81
13:31:17, 98
13:31:17, 100
13:31:17, 96
13:31:17, 89
13:31:17, 90
13:31:17, 87
13:31:17, 71
13:31:17, 56
13:31:17, 48
13:31:17, 36
13:31:17, 29
13:31:17, 37
13:31:17, 50
13:31:17, 58
13:31:17, 66
13:31:17, 71
13:31:17, 67
13:31:17, 57
13:31:17, 51
13:31:17, 39
13:31:17, 28
13:31:17, 29
13:31:17, 51
13:31:17, 66
13:31:17, 45
13:31:17, 8
13:31:17, -10
13:31:17, 0
13:31:17, 25
13:31:17, 42
13:31:17, 41
13:31:17, 44
13:31:17, 61
13:31:17, 74
13:31:17, 75
13:31:17, 73
13:31:17, 76
13:31:17, 68
13:31:17, 49
13:31:17, 36
13:31:17, 42
13:31:17, 54
13:31:17, 60
13:31:17, 60
13:31:17, 54
13:31:17, 52
13:31:17, 70
13:31:17, 90
13:31:17, 90
13:31:17, 70
13:31:17, 69
13:31:17, 92
13:31:17, 108
13:31:17, 107
13:31:17, 96
13:31:17, 77
13:31:17, 66
13:31:17, 70
13:31:17, 80
13:31:17, 80
13:31:17, 68
13:31:17, 26
13:31:17, -43
13:31:17, -99
13:31:17, -101
13:31:17, -46
13:31:17, 27
13:31:17, 74
13:31:17, 80
13:31:17, 71
13:31:17, 66
13:31:17, 49
13:31:17, 9
13:31:17, -24
13:31:17, -36
13:31:17, -36
13:31:17, -56
13:31:17, -89
13:31:17, -109
13:31:17, -110
13:31:17, -108
13:31:17, -91
13:31:17, -53
13:31:17, -8
13:31:17, 12
13:31:17, -1
13:31:17, -23
13:31:17, -39
13:31:17, -39
13:31:17, -44
13:31:17, -49
13:31:17, -14
13:31:17, 26
13:31:17, 49
13:31:17, 51
13:31:17, 51
13:31:17, 39
13:31:17, 37
13:31:17, 35
13:31:17, 22
13:31:17, 21
13:31:17, 29
13:31:17, 23
13:31:17, 11
13:31:17, 9
13:31:17, 9
13:31:17, 10
13:31:17, 10
13:31:17, 26
13:31:17, 38
13:31:17, 39
13:31:17, 49
13:31:17, 71
13:31:17, 84
13:31:17, 69
13:31:17, 42
13:31:17, 6
13:31:17, -6
13:31:17, 4
13:31:17, 5
13:31:17, 8
13:31:17, 24
13:31:17, 37
13:31:17, 67
13:31:17, 118
13:31:17, 146
13:31:17, 133
13:31:17, 109
13:31:17, 103
13:31:17, 103
13:31:17, 97
13:31:17, 74
13:31:17, 57
13:31:17, 37
13:31:17, 18
13:31:17, 4
13:31:17, 13
13:31:17, 43
13:31:17, 71
13:31:17, 82
13:31:17, 75
13:31:17, 54
13:31:17, 35
13:31:17, 33
13:31:17, 45
13:31:17, 70
13:31:17, 88
13:31:17, 102
13:31:17, 97
13:31:17, 83
13:31:17, 74
13:31:17, 72
13:31:17, 58
13:31:17, 53
13:31:17, 60
13:31:17, 64
13:31:17, 57
13:31:17, 57
13:31:17, 67
13:31:17, 71
13:31:17, 61
13:31:17, 54
13:31:17, 51
13:31:17, 64
13:31:17, 73
13:31:17, 54
13:31:17, 19
13:31:17, 3
13:31:17, 17
13:31:17, 44
13:31:17, 69
13:31:17, 76
13:31:17, 73
13:31:17, 67
13:31:17, 59
13:31:17, 55
13:31:17, 61
13:31:17, 69
13:31:17, 72
13:31:17, 81
13:31:17, 87
13:31:17, 82
13:31:17, 75
13:31:17, 71
13:31:17, 64
13:31:17, 65
13:31:17, 77
13:31:17, 82
13:31:17, 66
13:31:17, 54
13:31:17, 54
13:31:17, 61
13:31:17, 57
13:31:17, 33
13:31:17, 23
13:31:17, 38
13:31:17, 51
13:31:17, 38
13:31:17, 21
13:31:17, 22
13:31:17, 42
13:31:17, 59
13:31:17, 52
13:31:17, 27
13:31:17, 34
13:31:17, 69
13:31:17, 77
13:31:17, 40
13:31:17, 3
13:31:17, -9
13:31:17, -4
13:31:17, 7
13:31:17, 20
13:31:17, 28
13:31:17, 37
13:31:17, 52
13:31:17, 60
13:31:17, 49
13:31:17, 25
13:31:17, 22
13:31:17, 34
13:31:17, 54
13:31:17, 76
13:31:17, 80
13:31:17, 57
13:31:17, 40
13:31:17, 40
13:31:17, 57
13:31:17, 76
13:31:17, 81
13:31:17, 61
13:31:17, 48
13:31:17, 41
13:31:17, 43
13:31:17, 36
13:31:17, 4
13:31:17, -25
13:31:17, -27
13:31:17, 7
13:31:17, 41
13:31:17, 54
13:31:17, 40
13:31:17, 17
13:31:17, 9
13:31:17, 35
13:31:17, 52
13:31:17, 38
13:31:17, 8
13:31:17, -11
13:31:17, -21
13:31:17, -27
13:31:17, -45
13:31:17, -51
13:31:17, -22
13:31:17, 13
13:31:17, 48
13:31:17, 70
13:31:17, 60
13:31:17, 49
13:31:17, 48
13:31:17, 36
13:31:17, 9
13:31:17, -13
13:31:17, -14
13:31:17, -8
13:31:17, -8
13:31:17, 7
13:31:17, 40
13:31:17, 58
13:31:17, 58
13:31:17, 58
13:31:17, 72
13:31:17, 91
13:31:17, 93
13:31:17, 72
13:31:17, 28
13:31:17, -5
13:31:17, -3
13:31:17, 38
13:31:17, 102
13:31:17, 163
13:31:17, 183
13:31:17, 172
13:31:17, 171
13:31:17, 179
13:31:17, 178
13:31:17, 178
13:31:17, 160
13:31:17, 125
13:31:17, 92
13:31:17, 65
13:31:17, 38
13:31:17, 11
13:31:17, 1
13:31:17, 16
13:31:17, 55
13:31:17, 93
13:31:17, 120
13:31:17, 105
13:31:17, 45
13:31:17, -12
13:31:17, -45
13:31:17, -43
13:31:17, -45
13:31:17, -75
13:31:17, -106
13:31:17, -82
13:31:17, 0
13:31:17, 55
13:31:17, 60
13:31:17, 44
13:31:17, 35
13:31:17, 44
13:31:17, 66
13:31:17, 72
13:31:17, 69
13:31:17, 61
13:31:17, 50
13:31:17, 29
13:31:17, 5
13:31:17, -20
13:31:17, -29
13:31:17, -23
13:31:17, -10
13:31:17, -11
13:31:17, -12
13:31:17, 0
13:31:17, 3
13:31:17, -1
13:31:17, -8
13:31:17, -4
13:31:17, 3
13:31:17, 17
13:31:17, 25
13:31:17, 32
13:31:17, 35
13:31:17, 37
13:31:17, 48
13:31:17, 55
13:31:17, 51
13:31:17, 29
13:31:17, 1
13:31:17, -13
13:31:17, -10
13:31:17, -3
13:31:17, -18
13:31:17, -36
13:31:17, -39
13:31:17, -22
13:31:17, -8
13:31:17, 1
13:31:17, 11
13:31:17, 19
13:31:17, 20
13:31:17, 25
13:31:17, 26
13:31:17, 27
13:31:17, 40
13:31:17, 52
13:31:17, 41
13:31:17, 20
13:31:17, 16
13:31:17, 28
13:31:17, 44
13:31:17, 58
13:31:17, 66
13:31:17, 68
13:31:17, 70
13:31:17, 60
13:31:17, 29
13:31:17, 6
13:31:17, 28
13:31:17, 71
13:31:17, 80
13:31:17, 65
13:31:17, 55
13:31:17, 57
13:31:17, 56
13:31:17, 42
13:31:17, 29
13:31:17, 33
13:31:17, 41
13:31:17, 40
13:31:17, 34
13:31:17, 34
13:31:17, 28
13:31:17, 11
13:31:17, -24
13:31:17, -69
13:31:17, -66
13:31:17, 3
13:31:17, 74
13:31:17, 101
13:31:17, 88
13:31:17, 75
13:31:17, 85
13:31:17, 107
13:31:17, 121
13:31:17, 123
13:31:17, 134
13:31:17, 147
13:31:17, 136
13:31:17, 97
13:31:17, 34
13:31:17, 2
13:31:17, 16
13:31:17, 61
13:31:17, 104
13:31:17, 100
13:31:17, 97
13:31:17, 112
13:31:17, 107
13:31:17, 96
13:31:17, 77
13:31:17, 60
13:31:17, 51
13:31:17, 58
13:31:17, 71
13:31:17, 84
13:31:17, 75
13:31:17, 74
13:31:17, 83
13:31:17, 70
13:31:17, 51
13:31:17, 39
13:31:17, 33
13:31:17, 43
13:31:17, 65
13:31:17, 73
13:31:17, 70
13:31:17, 72
13:31:17, 91
13:31:17, 105
13:31:17, 101
13:31:17, 90
13:31:17, 97
13:31:17, 107
13:31:17, 106
13:31:17, 97
13:31:17, 68
13:31:17, 32
13:31:17, 13
13:31:17, 28
13:31:17, 58
13:31:17, 68
13:31:17, 64
13:31:17, 58
13:31:17, 64
13:31:17, 56
13:31:17, 37
13:31:17, 9
13:31:17, -21
13:31:17, -23
13:31:17, -2
13:31:17, 17
13:31:17, 23
13:31:17, 18
13:31:17, 16
13:31:17, 37
13:31:17, 73
13:31:17, 87
13:31:17, 64
13:31:17, 27
13:31:17, 6
13:31:17, 18
13:31:17, 41
13:31:17, 49
13:31:17, 36
13:31:17, 11
13:31:17, 3
13:31:17, 23
13:31:17, 54
13:31:17, 67
13:31:17, 48
13:31:17, 20
13:31:17, 1
13:31:17, -2
13:31:17, 8
13:31:17, 22
13:31:17, 37
13:31:17, 54
13:31:17, 56
13:31:18, 50
13:31:18, 34
13:31:18, 26
13:31:18, 35
13:31:18, 54
13:31:18, 73
13:31:18, 80
13:31:18, 67
13:31:18, 57
13:31:18, 68
13:31:18, 85
13:31:18, 96
13:31:18, 99
13:31:18, 99
13:31:18, 97
13:31:18, 74
13:31:18, 45
13:31:18, 48
13:31:18, 72
13:31:18, 75
13:31:18, 67
13:31:18, 67
13:31:18, 76
13:31:18, 87
13:31:18, 97
13:31:18, 100
13:31:18, 100
13:31:18, 88
13:31:18, 61
13:31:18, 37
13:31:18, 28
13:31:18, 33
13:31:18, 32
13:31:18, 26
13:31:18, 22
13:31:18, 13
13:31:18, 18
13:31:18, 27
13:31:18, 39
13:31:18, 34
13:31:18, 6
13:31:18, 0
13:31:18, 23
13:31:18, 57
13:31:18, 80
13:31:18, 86
13:31:18, 73
13:31:18, 59
13:31:18, 51
13:31:18, 42
13:31:18, 40
13:31:18, 45
13:31:18, 69
13:31:18, 82
13:31:18, 69
13:31:18, 43
13:31:18, 23
13:31:18, 18
13:31:18, 36
13:31:18, 71
13:31:18, 90
13:31:18, 73
13:31:18, 43
13:31:18, 35
13:31:18, 48
13:31:18, 60
13:31:18, 69
13:31:18, 65
13:31:18, 68
13:31:18, 77
13:31:18, 86
13:31:18, 76
13:31:18, 65
13:31:18, 43
13:31:18, 29
13:31:18, 28
13:31:18, 38
13:31:18, 56
13:31:18, 70
13:31:18, 71
13:31:18, 70
13:31:18, 82
13:31:18, 86
13:31:18, 102
13:31:18, 117
13:31:18, 108
13:31:18, 86
13:31:18, 71
13:31:18, 69
13:31:18, 83
13:31:18, 100
13:31:18, 99
13:31:18, 83
13:31:18, 72
13:31:18, 87
13:31:18, 116
13:31:18, 130
13:31:18, 118
13:31:18, 108
13:31:18, 114
13:31:18, 118
13:31:18, 112
13:31:18, 91
13:31:18, 81
13:31:18, 86
13:31:18, 96
13:31:18, 102
13:31:18, 104
13:31:18, 105
13:31:18, 104
13:31:18, 80
13:31:18, 53
13:31:18, 49
13:31:18, 68
13:31:18, 83
13:31:18, 45
13:31:18, -12
13:31:18, -19
13:31:18, 65
13:31:18, 169
13:31:18, 209
13:31:18, 167
13:31:18, 118
13:31:18, 120
13:31:18, 134
13:31:18, 133
13:31:18, 130
13:31:18, 115
13:31:18, 85
13:31:18, 51
13:31:18, 39
13:31:18, 44
13:31:18, 43
13:31:18, 34
13:31:18, 32
13:31:18, 60
13:31:18, 102
13:31:18, 116
13:31:18, 103
13:31:18, 76
13:31:18, 55
13:31:18, 44
13:31:18, 55
13:31:18, 68
13:31:18, 61
13:31:18, 56
13:31:18, 53
13:31:18, 37
13:31:18, 5
13:31:18, -21
13:31:18, -35
13:31:18, -45
13:31:18, -43
13:31:18, -23
13:31:18, -2
13:31:18, -2
13:31:18, -17
13:31:18, -22
13:31:18, -18
13:31:18, -14
13:31:18, -8
13:31:18, -3
13:31:18, -20
13:31:18, -46
13:31:18, -51
13:31:18, -34
13:31:18, -11
13:31:18, -1
13:31:18, 1
13:31:18, -8
13:31:18, -39
13:31:18, -60
13:31:18, -57
13:31:18, -50
13:31:18, -59
13:31:18, -77
13:31:18, -84
13:31:18, -85
13:31:18, -84
13:31:18, -78
13:31:18, -68
13:31:18, -40
13:31:18, -17
13:31:18, -6
13:31:18, 6
13:31:18, 25
13:31:18, 39
13:31:18, 39
13:31:18, 24
13:31:18, 7
13:31:18, -4
13:31:18, -6
13:31:18, -4
13:31:18, 2
13:31:18, 8
13:31:18, 19
13:31:18, 27
13:31:18, 22
13:31:18, 12
13:31:18, 4
13:31:18, -2
13:31:18, -7
13:31:18, -17
13:31:18, -18
13:31:18, -18
13:31:18, -20
13:31:18, -22
13:31:18, -20
13:31:18, -18
13:31:18, -24
13:31:18, -30
13:31:18, -50
13:31:18, -83
13:31:18, -104
13:31:18, -84
13:31:18, -13
13:31:18, 59
13:31:18, 89
13:31:18, 76
13:31:18, 57
13:31:18, 65
13:31:18, 108
13:31:18, 162
13:31:18, 186
13:31:18, 181
13:31:18, 150
13:31:18, 106
13:31:18, 72
13:31:18, 51
13:31:18, 44
13:31:18, 60
13:31:18, 70
13:31:18, 70
13:31:18, 59
13:31:18, 45
13:31:18, 39
13:31:18, 38
13:31:18, 34
13:31:18, 26
13:31:18, 32
13:31:18, 35
13:31:18, 37
13:31:18, 41
13:31:18, 40
13:31:18, 22
13:31:18, 6
13:31:18, -3
13:31:18, -13
13:31:18, -28
13:31:18, -39
13:31:18, -34
13:31:18, -18
13:31:18, -12
13:31:18, -9
13:31:18, -4
13:31:18, 2
13:31:18, -5
13:31:18, -27
13:31:18, -53
13:31:18, -54
13:31:18, -50
13:31:18, -40
13:31:18, -41
13:31:18, -61
13:31:18, -76
13:31:18, -55
13:31:18, -4
13:31:18, 37
13:31:18, 32
13:31:18, 9
13:31:18, 12
13:31:18, 19
13:31:18, 0
13:31:18, -19
13:31:18, 0
13:31:18, 42
13:31:18, 61
13:31:18, 36
13:31:18, -13
13:31:18, -57
13:31:18, -40
13:31:18, 21
13:31:18, 54
13:31:18, 39
13:31:18, 19
13:31:18, 9
13:31:18, 7
13:31:18, 10
13:31:18, 27
13:31:18, 51
13:31:18, 59
13:31:18, 58
13:31:18, 49
13:31:18, 33
13:31:18, 20
13:31:18, 16
13:31:18, 5
13:31:18, -10
13:31:18, -3
13:31:18, 24
13:31:18, 50
13:31:18, 54
13:31:18, 38
13:31:18, 21
13:31:18, 8
13:31:18, 5
13:31:18, 19
13:31:18, 34
13:31:18, 32
13:31:18, 13
13:31:18, -2
13:31:18, -12
13:31:18, -27
13:31:18, -37
13:31:18, -26
13:31:18, -6
13:31:18, 8
13:31:18, 21
13:31:18, 33
13:31:18, 37
13:31:18, 36
13:31:18, 42
13:31:18, 60
13:31:18, 56
13:31:18, 28
13:31:18, 28
13:31:18, 53
13:31:18, 69
13:31:18, 61
13:31:18, 35
13:31:18, 11
13:31:18, 16
13:31:18, 19
13:31:18, -5
13:31:18, -21
13:31:18, 25
13:31:18, 108
13:31:18, 157
13:31:18, 146
13:31:18, 113
13:31:18, 96
13:31:18, 123
13:31:18, 184
13:31:18, 231
13:31:18, 228
13:31:18, 195
13:31:18, 182
13:31:18, 199
13:31:18, 209
13:31:18, 200
13:31:18, 213
13:31:18, 242
13:31:18, 278
13:31:18, 290
13:31:18, 276
13:31:18, 235
13:31:18, 192
13:31:18, 161
13:31:18, 149
13:31:18, 135
13:31:18, 128
13:31:18, 106
13:31:18, 67
13:31:18, 25
13:31:18, 7
13:31:18, 16
13:31:18, 20
13:31:18, 18
13:31:18, -1
13:31:18, -12
13:31:18, -5
13:31:18, 8
13:31:18, 19
13:31:18, 12
13:31:18, -8
13:31:18, -20
13:31:18, -9
13:31:18, 3
13:31:18, 4
13:31:18, 10
13:31:18, 23
13:31:18, 40
13:31:18, 52
13:31:18, 55
13:31:18, 48
13:31:18, 25
13:31:18, 3
13:31:18, -39
13:31:18, -88
13:31:18, -101
13:31:18, -74
13:31:18, -46
13:31:18, -34
13:31:18, -34
13:31:18, -40
13:31:18, -44
13:31:18, -35
13:31:18, -13
13:31:18, -4
13:31:18, 0
13:31:18, 0
13:31:18, -13
13:31:18, -36
13:31:18, -51
13:31:18, -36
13:31:18, -2
13:31:18, 10
13:31:18, 1
13:31:18, -21
13:31:18, -27
13:31:18, -5
13:31:18, 27
13:31:18, 49
13:31:18, 52
13:31:18, 53
13:31:18, 52
13:31:18, 35
13:31:18, 16
13:31:18, 16
13:31:18, 13
13:31:18, 1
13:31:18, -20
13:31:18, -21
13:31:18, -3
13:31:18, 6
13:31:18, 7
13:31:18, 11
13:31:18, 18
13:31:18, 22
13:31:18, 26
13:31:18, 28
13:31:18, 25
13:31:18, 16
13:31:18, 4
13:31:18, -1
13:31:18, 4
13:31:18, 10
13:31:18, 25
13:31:18, 38
13:31:18, 26
13:31:18, 10
13:31:18, 2
13:31:18, 7
13:31:18, 10
13:31:18, -21
13:31:18, -62
13:31:18, -74
13:31:18, -52
13:31:18, 3
13:31:18, 67
13:31:18, 92
13:31:18, 66
13:31:18, 16
13:31:18, -13
13:31:18, 0
13:31:18, 37
13:31:18, 45
13:31:18, 18
13:31:18, -23
13:31:18, -69
13:31:18, -101
13:31:18, -109
13:31:18, -99
13:31:18, -75
13:31:18, -56
13:31:18, -59
13:31:18, -69
13:31:18, -68
13:31:18, -67
13:31:18, -58
13:31:18, -52
13:31:18, -55
13:31:18, -67
13:31:18, -77
13:31:18, -78
13:31:18, -72
13:31:18, -74
13:31:18, -77
13:31:18, -73
13:31:18, -70
13:31:18, -58
13:31:18, -33
13:31:18, -8
13:31:18, 2
13:31:18, 3
13:31:18, -5
13:31:18, -3
13:31:18, 6
13:31:18, 16
13:31:18, 8
13:31:18, -1
13:31:18, -8
13:31:18, -17
13:31:18, -23
13:31:18, -14
13:31:18, 10
13:31:18, 49
13:31:18, 75
13:31:18, 80
13:31:18, 61
13:31:18, 55
13:31:18, 54
13:31:18, 50
13:31:18, 42
13:31:18, 10
13:31:18, -19
13:31:18, -19
13:31:18, -5
13:31:18, -1
13:31:18, -5
13:31:18, 3
13:31:18, 36
13:31:18, 60
13:31:18, 61
13:31:18, 43
13:31:19, 26
13:31:19, 35
13:31:19, 50
13:31:19, 49
13:31:19, 53
13:31:19, 66
13:31:19, 83
13:31:19, 96
13:31:19, 88
13:31:19, 82
13:31:19, 83
13:31:19, 89
13:31:19, 101
13:31:19, 105
13:31:19, 92
13:31:19, 59
13:31:19, 33
13:31:19, 23
13:31:19, 41
13:31:19, 81
13:31:19, 109
13:31:19, 129
13:31:19, 133
13:31:19, 121
13:31:19, 99
13:31:19, 82
13:31:19, 80
13:31:19, 80
13:31:19, 70
13:31:19, 57
13:31:19, 55
13:31:19, 72
13:31:19, 92
13:31:19, 96
13:31:19, 88
13:31:19, 97
13:31:19, 119
13:31:19, 136
13:31:19, 147
13:31:19, 136
13:31:19, 117
13:31:19, 104
13:31:19, 86
13:31:19, 64
13:31:19, 48
13:31:19, 44
13:31:19, 57
13:31:19, 75
13:31:19, 70
13:31:19, 52
13:31:19, 41
13:31:19, 42
13:31:19, 48
13:31:19, 52
13:31:19, 48
13:31:19, 37
13:31:19, 41
13:31:19, 54
13:31:19, 57
13:31:19, 57
13:31:19, 60
13:31:19, 53
13:31:19, 56
13:31:19, 57
13:31:19, 51
13:31:19, 42
13:31:19, 43
13:31:19, 43
13:31:19, 42
13:31:19, 45
13:31:19, 43
13:31:19, 41
13:31:19, 43
13:31:19, 59
13:31:19, 77
13:31:19, 93
13:31:19, 105
13:31:19, 104
13:31:19, 87
13:31:19, 72
13:31:19, 68
13:31:19, 70
13:31:19, 70
13:31:19, 59
13:31:19, 48
13:31:19, 41
13:31:19, 29
13:31:19, 18
13:31:19, 18
13:31:19, 28
13:31:19, 38
13:31:19, 33
13:31:19, 16
13:31:19, 9
13:31:19, 20
13:31:19, 22
13:31:19, 17
13:31:19, 22
13:31:19, 48
13:31:19, 73
13:31:19, 80
13:31:19, 61
13:31:19, 52
13:31:19, 64
13:31:19, 72
13:31:19, 65
13:31:19, 38
13:31:19, 21
13:31:19, 25
13:31:19, 33
13:31:19, 22
13:31:19, 17
13:31:19, 24
13:31:19, 41
13:31:19, 52
13:31:19, 53
13:31:19, 49
13:31:19, 38
13:31:19, 28
13:31:19, 34
13:31:19, 48
13:31:19, 59
13:31:19, 59
13:31:19, 52
13:31:19, 48
13:31:19, 48
13:31:19, 44
13:31:19, 42
13:31:19, 49
13:31:19, 64
13:31:19, 74
13:31:19, 76
13:31:19, 74
13:31:19, 71
13:31:19, 69
13:31:19, 60
13:31:19, 58
13:31:19, 59
13:31:19, 53
13:31:19, 51
13:31:19, 57
13:31:19, 61
13:31:19, 54
13:31:19, 34
13:31:19, 17
13:31:19, 9
13:31:19, 23
13:31:19, 40
13:31:19, 34
13:31:19, -5
13:31:19, -37
13:31:19, -30
13:31:19, 3
13:31:19, 48
13:31:19, 69
13:31:19, 48
13:31:19, 10
13:31:19, -21
13:31:19, -39
13:31:19, -17
13:31:19, 35
13:31:19, 91
13:31:19, 123
13:31:19, 122
13:31:19, 102
13:31:19, 86
13:31:19, 84
13:31:19, 83
13:31:19, 80
13:31:19, 80
13:31:19, 72
13:31:19, 40
13:31:19, 9
13:31:19, 5
13:31:19, 17
13:31:19, 37
13:31:19, 56
13:31:19, 58
13:31:19, 64
13:31:19, 82
13:31:19, 87
13:31:19, 77
13:31:19, 67
13:31:19, 59
13:31:19, 71
13:31:19, 91
13:31:19, 113
13:31:19, 125
13:31:19, 137
13:31:19, 152
13:31:19, 149
13:31:19, 133
13:31:19, 123
13:31:19, 124
13:31:19, 124
13:31:19, 112
13:31:19, 91
13:31:19, 74
13:31:19, 70
13:31:19, 72
13:31:19, 70
13:31:19, 68
13:31:19, 65
13:31:19, 61
13:31:19, 59
13:31:19, 53
13:31:19, 42
13:31:19, 35
13:31:19, 39
13:31:19, 36
13:31:19, 32
13:31:19, 37
13:31:19, 67
13:31:19, 86
13:31:19, 60
13:31:19, 25
13:31:19, 11
13:31:19, 26
13:31:19, 53
13:31:19, 68
13:31:19, 69
13:31:19, 71
13:31:19, 80
13:31:19, 83
13:31:19, 88
13:31:19, 114
13:31:19, 137
13:31:19, 125
13:31:19, 96
13:31:19, 69
13:31:19, 56
13:31:19, 52
13:31:19, 48
13:31:19, 48
13:31:19, 55
13:31:19, 59
13:31:19, 55
13:31:19, 66
13:31:19, 80
13:31:19, 82
13:31:19, 71
13:31:19, 59
13:31:19, 38
13:31:19, 20
13:31:19, 20
13:31:19, 32
13:31:19, 45
13:31:19, 57
13:31:19, 55
13:31:19, 41
13:31:19, 21
13:31:19, 3
13:31:19, -1
13:31:19, -1
13:31:19, 0
13:31:19, 5
13:31:19, 5
13:31:19, 3
13:31:19, 4
13:31:19, 11
13:31:19, 32
13:31:19, 44
13:31:19, 50
13:31:19, 40
13:31:19, -9
13:31:19, -85
13:31:19, -120
13:31:19, -85
13:31:19, -8
13:31:19, 38
13:31:19, 42
13:31:19, 32
13:31:19, 22
13:31:19, 23
13:31:19, 26
13:31:19, 11
13:31:19, -7
13:31:19, -22
13:31:19, -25
13:31:19, -33
13:31:19, -53
13:31:19, -77
13:31:19, -77
13:31:19, -51
13:31:19, -21
13:31:19, -4
13:31:19, -8
13:31:19, -27
13:31:19, -42
13:31:19, -45
13:31:19, -43
13:31:19, -33
13:31:19, -14
13:31:19, -6
13:31:19, 0
13:31:19, 5
13:31:19, 20
13:31:19, 37
13:31:19, 56
13:31:19, 65
13:31:19, 58
13:31:19, 68
13:31:19, 76
13:31:19, 69
13:31:19, 56
13:31:19, 49
13:31:19, 48
13:31:19, 42
13:31:19, 33
13:31:19, 24
13:31:19, 18
13:31:19, 11
13:31:19, 16
13:31:19, 28
13:31:19, 42
13:31:19, 59
13:31:19, 87
13:31:19, 121
13:31:19, 146
13:31:19, 137
13:31:19, 108
13:31:19, 100
13:31:19, 93
13:31:19, 73
13:31:19, 59
13:31:19, 80
13:31:19, 89
13:31:19, 72
13:31:19, 68
13:31:19, 82
13:31:19, 91
13:31:19, 92
13:31:19, 86
13:31:19, 74
13:31:19, 72
13:31:19, 72
13:31:19, 69
13:31:19, 64
13:31:19, 58
13:31:19, 60
13:31:19, 64
13:31:19, 65
13:31:19, 60
13:31:19, 54
13:31:19, 50
13:31:19, 49
13:31:19, 39
13:31:19, 44
13:31:19, 80
13:31:19, 103
13:31:19, 100
13:31:19, 81
13:31:19, 71
13:31:19, 67
13:31:19, 58
13:31:19, 41
13:31:19, 19
13:31:19, 21
13:31:19, 48
13:31:19, 69
13:31:19, 81
13:31:19, 67
13:31:19, 49
13:31:19, 48
13:31:19, 66
13:31:19, 75
13:31:19, 72
13:31:19, 68
13:31:19, 75
13:31:19, 93
13:31:19, 84
13:31:19, 43
13:31:19, 22
13:31:19, 41
13:31:19, 70
13:31:19, 69
13:31:19, 43
13:31:19, 16
13:31:19, -1
13:31:19, -2
13:31:19, 11
13:31:19, 32
13:31:19, 49
13:31:19, 57
13:31:19, 56
13:31:19, 60
13:31:19, 75
13:31:19, 93
13:31:19, 102
13:31:19, 92
13:31:19, 69
13:31:19, 50
13:31:19, 42
13:31:19, 45
13:31:19, 44
13:31:19, 43
13:31:19, 53
13:31:19, 67
13:31:19, 70
13:31:19, 71
13:31:19, 66
13:31:19, 59
13:31:19, 58
13:31:19, 57
13:31:19, 55
13:31:19, 38
13:31:19, 10
13:31:19, -3
13:31:19, 9
13:31:19, 42
13:31:19, 58
13:31:19, 59
13:31:19, 60
13:31:19, 57
13:31:19, 56
13:31:19, 75
13:31:19, 103
13:31:19, 115
13:31:19, 112
13:31:19, 100
13:31:19, 72
13:31:19, 43
13:31:19, 41
13:31:19, 50
13:31:19, 48
13:31:19, 35
13:31:19, 28
13:31:19, 42
13:31:19, 66
13:31:19, 76
13:31:19, 68
13:31:19, 44
13:31:19, 28
13:31:19, 25
13:31:19, 22
13:31:19, 25
13:31:19, 33
13:31:19, 33
13:31:19, 35
13:31:19, 35
13:31:19, 33
13:31:19, 34
13:31:19, 35
13:31:19, 32
13:31:19, 22
13:31:19, 11
13:31:19, 5
13:31:19, -3
13:31:19, -11
13:31:19, -34
13:31:19, -59
13:31:19, -54
13:31:19, 9
13:31:19, 96
13:31:19, 139
13:31:19, 134
13:31:19, 120
13:31:19, 109
13:31:19, 101
13:31:19, 87
13:31:19, 74
13:31:19, 67
13:31:19, 60
13:31:19, 45
13:31:19, 28
13:31:19, 24
13:31:19, 41
13:31:19, 53
13:31:19, 54
13:31:19, 57
13:31:19, 66
13:31:19, 73
13:31:19, 64
13:31:19, 38
13:31:19, 10
13:31:19, -22
13:31:19, -51
13:31:19, -44
13:31:19, -22
13:31:19, -2
13:31:19, 9
13:31:19, 9
13:31:19, 10
13:31:19, 16
13:31:19, 20
13:31:19, 23
13:31:19, 26
13:31:19, 38
13:31:19, 45
13:31:19, 43
13:31:19, 49
13:31:19, 43
13:31:19, 23
13:31:19, 21
13:31:19, 26
13:31:19, 27
13:31:19, 29
13:31:19, 42
13:31:19, 43
13:31:19, 24
13:31:19, 32
13:31:19, 51
13:31:19, 50
13:31:19, 16
13:31:19, -8
13:31:19, -2
13:31:19, 17
13:31:19, 18
13:31:19, 5
13:31:19, -6
13:31:19, 6
13:31:19, 38
13:31:19, 65
13:31:19, 72
13:31:19, 65
13:31:19, 49
13:31:19, 28
13:31:19, 19
13:31:19, 17
13:31:19, 24
13:31:19, 25
13:31:19, 20
13:31:19, 24
13:31:20, 40
13:31:20, 55
13:31:20, 65
13:31:20, 61
13:31:20, 52
13:31:20, 39
13:31:20, 9
13:31:20, -9
13:31:20, -5
13:31:20, 5
13:31:20, 5
13:31:20, -7
13:31:20, -18
13:31:20, -2
13:31:20, 18
13:31:20, 18
13:31:20, 9
13:31:20, 11
13:31:20, 22
13:31:20, 28
13:31:20, 27
13:31:20, 26
13:31:20, 27
13:31:20, 24
13:31:20, 11
13:31:20, 20
13:31:20, 41
13:31:20, 53
13:31:20, 42
13:31:20, 20
13:31:20, 9
13:31:20, 25
13:31:20, 48
13:31:20, 49
13:31:20, 25
13:31:20, 5
13:31:20, 9
13:31:20, 38
13:31:20, 74
13:31:20, 92
13:31:20, 80
13:31:20, 53
13:31:20, 42
13:31:20, 39
13:31:20, 38
13:31:20, 21
13:31:20, -10
13:31:20, -50
13:31:20, -61
13:31:20, -24
13:31:20, 49
13:31:20, 121
13:31:20, 161
13:31:20, 169
13:31:20, 179
13:31:20, 208
13:31:20, 236
13:31:20, 235
13:31:20, 219
13:31:20, 234
13:31:20, 276
13:31:20, 311
13:31:20, 314
13:31:20, 295
13:31:20, 282
13:31:20, 288
13:31:20, 307
13:31:20, 341
13:31:20, 390
13:31:20, 422
13:31:20, 379
13:31:20, 291
13:31:20, 210
13:31:20, 219
13:31:20, 316
13:31:20, 400
13:31:20, 411
13:31:20, 388
13:31:20, 369
13:31:20, 356
13:31:20, 340
13:31:20, 327
13:31:20, 300
13:31:20, 263
13:31:20, 246
13:31:20, 252
13:31:20, 235
13:31:20, 169
13:31:20, 108
13:31:20, 88
13:31:20, 81
13:31:20, 91
13:31:20, 112
13:31:20, 114
13:31:20, 105
13:31:20, 87
13:31:20, 52
13:31:20, 22
13:31:20, 11
13:31:20, 1
13:31:20, 4
13:31:20, 17
13:31:20, 36
13:31:20, 26
13:31:20, -21
13:31:20, -89
13:31:20, -121
13:31:20, -113
13:31:20, -91
13:31:20, -69
13:31:20, -66
13:31:20, -89
13:31:20, -113
13:31:20, -122
13:31:20, -126
13:31:20, -138
13:31:20, -164
13:31:20, -194
13:31:20, -212
13:31:20, -200
13:31:20, -169
13:31:20, -166
13:31:20, -185
13:31:20, -203
13:31:20, -219
13:31:20, -221
13:31:20, -214
13:31:20, -204
13:31:20, -189
13:31:20, -170
13:31:20, -163
13:31:20, -165
13:31:20, -166
13:31:20, -165
13:31:20, -153
13:31:20, -150
13:31:20, -149
13:31:20, -147
13:31:20, -147
13:31:20, -151
13:31:20, -147
13:31:20, -137
13:31:20, -137
13:31:20, -138
13:31:20, -148
13:31:20, -150
13:31:20, -166
13:31:20, -173
13:31:20, -137
13:31:20, -85
13:31:20, -43
13:31:20, -28
13:31:20, -23
13:31:20, -9
13:31:20, 6
13:31:20, 24
13:31:20, 23
13:31:20, 4
13:31:20, -18
13:31:20, -23
13:31:20, -27
13:31:20, -40
13:31:20, -50
13:31:20, -44
13:31:20, -41
13:31:20, -36
13:31:20, -33
13:31:20, -26
13:31:20, -29
13:31:20, -56
13:31:20, -84
13:31:20, -65
13:31:20, -10
13:31:20, 25
13:31:20, 32
13:31:20, 28
13:31:20, 34
13:31:20, 25
13:31:20, 16
13:31:20, 12
13:31:20, 7
13:31:20, -1
13:31:20, -11
13:31:20, -22
13:31:20, -36
13:31:20, -49
13:31:20, -49
13:31:20, -34
13:31:20, -17
13:31:20, 0
13:31:20, 17
13:31:20, 21
13:31:20, 19
13:31:20, 32
13:31:20, 44
13:31:20, 53
13:31:20, 56
13:31:20, 67
13:31:20, 68
13:31:20, 76
13:31:20, 89
13:31:20, 102
13:31:20, 112
13:31:20, 122
13:31:20, 128
13:31:20, 120
13:31:20, 105
13:31:20, 91
13:31:20, 73
13:31:20, 58
13:31:20, 41
13:31:20, 5
13:31:20, -28
13:31:20, -36
13:31:20, -18
13:31:20, 3
13:31:20, 37
13:31:20, 91
13:31:20, 140
13:31:20, 137
13:31:20, 108
13:31:20, 93
13:31:20, 88
13:31:20, 91
13:31:20, 90
13:31:20, 72
13:31:20, 40
13:31:20, 23
13:31:20, 33
13:31:20, 52
13:31:20, 53
13:31:20, 38
13:31:20, 39
13:31:20, 54
13:31:20, 73
13:31:20, 84
13:31:20, 81
13:31:20, 71
13:31:20, 59
13:31:20, 50
13:31:20, 39
13:31:20, 20
13:31:20, 5
13:31:20, 2
13:31:20, 16
13:31:20, 33
13:31:20, 41
13:31:20, 38
13:31:20, 32
13:31:20, 44
13:31:20, 81
13:31:20, 109
13:31:20, 108
13:31:20, 83
13:31:20, 56
13:31:20, 45
13:31:20, 53
13:31:20, 66
13:31:20, 53
13:31:20, 11
13:31:20, -39
13:31:20, -90
13:31:20, -85
13:31:20, -14
13:31:20, 56
13:31:20, 93
13:31:20, 90
13:31:20, 71
13:31:20, 71
13:31:20, 96
13:31:20, 128
13:31:20, 156
13:31:20, 164
13:31:20, 150
13:31:20, 115
13:31:20, 86
13:31:20, 81
13:31:20, 75
13:31:20, 69
13:31:20, 68
13:31:20, 72
13:31:20, 67
13:31:20, 56
13:31:20, 44
13:31:20, 33
13:31:20, 19
13:31:20, 16
13:31:20, 22
13:31:20, 51
13:31:20, 84
13:31:20, 99
13:31:20, 106
13:31:20, 112
13:31:20, 93
13:31:20, 82
13:31:20, 84
13:31:20, 85
13:31:20, 73
13:31:20, 53
13:31:20, 33
13:31:20, 24
13:31:20, 33
13:31:20, 57
13:31:20, 68
13:31:20, 51
13:31:20, 24
13:31:20, 1
13:31:20, -19
13:31:20, -18
13:31:20, -1
13:31:20, 21
13:31:20, 39
13:31:20, 51
13:31:20, 54
13:31:20, 56
13:31:20, 69
13:31:20, 80
13:31:20, 88
13:31:20, 99
13:31:20, 108
13:31:20, 115
13:31:20, 91
13:31:20, 59
13:31:20, 58
13:31:20, 87
13:31:20, 100
13:31:20, 81
13:31:20, 54
13:31:20, 45
13:31:20, 51
13:31:20, 56
13:31:20, 54
13:31:20, 36
13:31:20, 28
13:31:20, 35
13:31:20, 43
13:31:20, 49
13:31:20, 57
13:31:20, 71
13:31:20, 80
13:31:20, 70
13:31:20, 57
13:31:20, 58
13:31:20, 60
13:31:20, 38
13:31:20, -6
13:31:20, -53
13:31:20, -62
13:31:20, -34
13:31:20, 12
13:31:20, 59
13:31:20, 82
13:31:20, 76
13:31:20, 87
13:31:20, 121
13:31:20, 164
13:31:20, 187
13:31:20, 177
13:31:20, 144
13:31:20, 119
13:31:20, 112
13:31:20, 105
13:31:20, 84
13:31:20, 60
13:31:20, 68
13:31:20, 89
13:31:20, 116
13:31:20, 144
13:31:20, 154
13:31:20, 150
13:31:20, 137
13:31:20, 124
13:31:20, 113
13:31:20, 113
13:31:20, 112
13:31:20, 98
13:31:20, 102
13:31:20, 122
13:31:20, 128
13:31:20, 115
13:31:20, 89
13:31:20, 73
13:31:20, 89
13:31:20, 114
13:31:20, 118
13:31:20, 77
13:31:20, 28
13:31:20, 10
13:31:20, 26
13:31:20, 72
13:31:20, 128
13:31:20, 170
13:31:20, 197
13:31:20, 188
13:31:20, 162
13:31:20, 137
13:31:20, 116
13:31:20, 101
13:31:20, 87
13:31:20, 74
13:31:20, 59
13:31:20, 34
13:31:20, 27
13:31:20, 50
13:31:20, 73
13:31:20, 100
13:31:20, 122
13:31:20, 124
13:31:20, 89
13:31:20, 39
13:31:20, -3
13:31:20, -37
13:31:20, -61
13:31:20, -52
13:31:20, -8
13:31:20, 6
13:31:20, -43
13:31:20, -109
13:31:20, -134
13:31:20, -101
13:31:20, -38
13:31:20, 26
13:31:20, 59
13:31:20, 56
13:31:20, 41
13:31:20, 42
13:31:20, 66
13:31:20, 86
13:31:20, 92
13:31:20, 91
13:31:20, 88
13:31:20, 55
13:31:20, -18
13:31:20, -87
13:31:20, -108
13:31:20, -89
13:31:20, -58
13:31:20, -33
13:31:20, -29
13:31:20, -39
13:31:20, -30
13:31:20, -1
13:31:20, 29
13:31:20, 29
13:31:20, 16
13:31:20, 3
13:31:20, 8
13:31:20, 34
13:31:20, 53
13:31:20, 54
13:31:20, 40
13:31:20, 21
13:31:20, 22
13:31:20, 26
13:31:20, 10
13:31:20, 3
13:31:20, 21
13:31:20, 43
13:31:20, 45
13:31:20, 38
13:31:20, 36
13:31:20, 36
13:31:20, 26
13:31:20, 20
13:31:20, 35
13:31:20, 45
13:31:20, 49
13:31:20, 53
13:31:20, 49
13:31:20, 39
13:31:20, 37
13:31:20, 21
13:31:20, -1
13:31:20, -20
13:31:20, -38
13:31:20, -70
13:31:20, -107
13:31:20, -116
13:31:20, -83
13:31:20, -21
13:31:20, 22
13:31:20, 44
13:31:20, 66
13:31:20, 58
13:31:20, 23
13:31:20, 5
13:31:20, -1
13:31:20, -6
13:31:20, -22
13:31:20, -46
13:31:20, -73
13:31:20, -93
13:31:20, -101
13:31:20, -94
13:31:20, -69
13:31:20, -34
13:31:20, -13
13:31:20, -12
13:31:20, -19
13:31:20, -19
13:31:20, -29
13:31:20, -60
13:31:20, -87
13:31:20, -92
13:31:20, -77
13:31:20, -53
13:31:21, -24
13:31:21, 4
13:31:21, 23
13:31:21, 24
13:31:21, 28
13:31:21, 42
13:31:21, 51
13:31:21, 53
13:31:21, 54
13:31:21, 54
13:31:21, 53
13:31:21, 40
13:31:21, 19
13:31:21, 11
13:31:21, 29
13:31:21, 43
13:31:21, 37
13:31:21, 36
13:31:21, 44
13:31:21, 52
13:31:21, 56
13:31:21, 53
13:31:21, 36
13:31:21, 23
13:31:21, 27
13:31:21, 27
13:31:21, 3
13:31:21, -20
13:31:21, -20
13:31:21, 8
13:31:21, 60
13:31:21, 119
13:31:21, 148
13:31:21, 137
13:31:21, 108
13:31:21, 92
13:31:21, 89
13:31:21, 93
13:31:21, 87
13:31:21, 70
13:31:21, 52
13:31:21, 36
13:31:21, 26
13:31:21, 36
13:31:21, 60
13:31:21, 82
13:31:21, 87
13:31:21, 97
13:31:21, 103
13:31:21, 104
13:31:21, 97
13:31:21, 77
13:31:21, 66
13:31:21, 68
13:31:21, 85
13:31:21, 107
13:31:21, 112
13:31:21, 96
13:31:21, 84
13:31:21, 81
13:31:21, 70
13:31:21, 56
13:31:21, 59
13:31:21, 69
13:31:21, 66
13:31:21, 53
13:31:21, 40
13:31:21, 28
13:31:21, 29
13:31:21, 32
13:31:21, 28
13:31:21, 17
13:31:21, 17
13:31:21, 26
13:31:21, 27
13:31:21, 11
13:31:21, 3
13:31:21, 8
13:31:21, 36
13:31:21, 61
13:31:21, 65
13:31:21, 40
13:31:21, 18
13:31:21, 16
13:31:21, 12
13:31:21, 2
13:31:21, 6
13:31:21, 27
13:31:21, 38
13:31:21, 35
13:31:21, 26
13:31:21, 40
13:31:21, 73
13:31:21, 90
13:31:21, 73
13:31:21, 48
13:31:21, 22
13:31:21, 9
13:31:21, 24
13:31:21, 40
13:31:21, 42
13:31:21, 42
13:31:21, 45
13:31:21, 51
13:31:21, 41
13:31:21, 35
13:31:21, 38
13:31:21, 48
13:31:21, 44
13:31:21, 39
13:31:21, 38
13:31:21, 42
13:31:21, 28
13:31:21, 2
13:31:21, -29
13:31:21, -54
13:31:21, -40
13:31:21, 19
13:31:21, 91
13:31:21, 133
13:31:21, 119
13:31:21, 83
13:31:21, 69
13:31:21, 77
13:31:21, 76
13:31:21, 50
13:31:21, 23
13:31:21, 22
13:31:21, 38
13:31:21, 36
13:31:21, 22
13:31:21, 32
13:31:21, 72
13:31:21, 128
13:31:21, 166
13:31:21, 170
13:31:21, 148
13:31:21, 119
13:31:21, 87
13:31:21, 55
13:31:21, 39
13:31:21, 27
13:31:21, 18
13:31:21, 13
13:31:21, 24
13:31:21, 37
13:31:21, 52
13:31:21, 66
13:31:21, 58
13:31:21, 43
13:31:21, 35
13:31:21, 23
13:31:21, 11
13:31:21, 5
13:31:21, 11
13:31:21, 22
13:31:21, 41
13:31:21, 65
13:31:21, 61
13:31:21, 34
13:31:21, 7
13:31:21, 13
13:31:21, 33
13:31:21, 27
13:31:21, 6
13:31:21, -1
13:31:21, 11
13:31:21, 29
13:31:21, 42
13:31:21, 36
13:31:21, 11
13:31:21, -2
13:31:21, 11
13:31:21, 33
13:31:21, 50
13:31:21, 69
13:31:21, 80
13:31:21, 64
13:31:21, 38
13:31:21, 43
13:31:21, 75
13:31:21, 99
13:31:21, 90
13:31:21, 69
13:31:21, 55
13:31:21, 50
13:31:21, 40
13:31:21, 29
13:31:21, 17
13:31:21, 12
13:31:21, 27
13:31:21, 49
13:31:21, 71
13:31:21, 73
13:31:21, 65
13:31:21, 74
13:31:21, 83
13:31:21, 76
13:31:21, 58
13:31:21, 43
13:31:21, 48
13:31:21, 61
13:31:21, 72
13:31:21, 64
13:31:21, 48
13:31:21, 52
13:31:21, 67
13:31:21, 72
13:31:21, 72
13:31:21, 56
13:31:21, 27
13:31:21, 9
13:31:21, 2
13:31:21, 6
13:31:21, 18
13:31:21, 23
13:31:21, 33
13:31:21, 48
13:31:21, 56
13:31:21, 61
13:31:21, 60
13:31:21, 56
13:31:21, 55
13:31:21, 66
13:31:21, 72
13:31:21, 70
13:31:21, 70
13:31:21, 65
13:31:21, 39
13:31:21, 19
13:31:21, 18
13:31:21, 16
13:31:21, -4
13:31:21, -20
13:31:21, -13
13:31:21, 5
13:31:21, 38
13:31:21, 86
13:31:21, 129
13:31:21, 134
13:31:21, 105
13:31:21, 83
13:31:21, 88
13:31:21, 105
13:31:21, 113
13:31:21, 96
13:31:21, 54
13:31:21, 16
13:31:21, -6
13:31:21, -9
13:31:21, -6
13:31:21, 7
13:31:21, 42
13:31:21, 76
13:31:21, 85
13:31:21, 66
13:31:21, 25
13:31:21, -24
13:31:21, -59
13:31:21, -50
13:31:21, -2
13:31:21, 41
13:31:21, 58
13:31:21, 39
13:31:21, 21
13:31:21, -6
13:31:21, -40
13:31:21, -51
13:31:21, -44
13:31:21, -28
13:31:21, 20
13:31:21, 73
13:31:21, 87
13:31:21, 90
13:31:21, 120
13:31:21, 150
13:31:21, 157
13:31:21, 153
13:31:21, 138
13:31:21, 102
13:31:21, 44
13:31:21, -37
13:31:21, -115
13:31:21, -133
13:31:21, -73
13:31:21, 37
13:31:21, 140
13:31:21, 196
13:31:21, 181
13:31:21, 136
13:31:21, 151
13:31:21, 258
13:31:21, 395
13:31:21, 455
13:31:21, 407
13:31:21, 324
13:31:21, 279
13:31:21, 291
13:31:21, 336
13:31:21, 357
13:31:21, 316
13:31:21, 258
13:31:21, 229
13:31:21, 220
13:31:21, 201
13:31:21, 164
13:31:21, 144
13:31:21, 151
13:31:21, 152
13:31:21, 149
13:31:21, 137
13:31:21, 116
13:31:21, 76
13:31:21, 44
13:31:21, 41
13:31:21, 59
13:31:21, 65
13:31:21, 50
13:31:21, 34
13:31:21, 21
13:31:21, 6
13:31:21, -17
13:31:21, -44
13:31:21, -71
13:31:21, -81
13:31:21, -62
13:31:21, -21
13:31:21, 0
13:31:21, -14
13:31:21, -38
13:31:21, -42
13:31:21, -28
13:31:21, -1
13:31:21, 18
13:31:21, 9
13:31:21, -11
13:31:21, -36
13:31:21, -44
13:31:21, -39
13:31:21, -28
13:31:21, -20
13:31:21, -7
13:31:21, 0
13:31:21, 8
13:31:21, 10
13:31:21, 4
13:31:21, 5
13:31:21, 11
13:31:21, 18
13:31:21, 11
13:31:21, -7
13:31:21, -17
13:31:21, -7
13:31:21, 7
13:31:21, 3
13:31:21, -26
13:31:21, -49
13:31:21, -44
13:31:21, -36
13:31:21, -29
13:31:21, -27
13:31:21, -38
13:31:21, -52
13:31:21, -49
13:31:21, -38
13:31:21, -23
13:31:21, 0
13:31:21, 26
13:31:21, 44
13:31:21, 52
13:31:21, 34
13:31:21, 1
13:31:21, -14
13:31:21, -5
13:31:21, 18
13:31:21, 45
13:31:21, 74
13:31:21, 90
13:31:21, 85
13:31:21, 81
13:31:21, 87
13:31:21, 102
13:31:21, 107
13:31:21, 99
13:31:21, 86
13:31:21, 73
13:31:21, 51
13:31:21, 19
13:31:21, -6
13:31:21, -10
13:31:21, 4
13:31:21, 16
13:31:21, 28
13:31:21, 56
13:31:21, 73
13:31:21, 75
13:31:21, 45
13:31:21, 4
13:31:21, -11
13:31:21, 9
13:31:21, 33
13:31:21, 26
13:31:21, 3
13:31:21, -9
13:31:21, -11
13:31:21, -19
13:31:21, -23
13:31:21, -20
13:31:21, -1
13:31:21, 17
13:31:21, 32
13:31:21, 34
13:31:21, 34
13:31:21, 38
13:31:21, 33
13:31:21, 1
13:31:21, -27
13:31:21, -23
13:31:21, 6
13:31:21, 34
13:31:21, 35
13:31:21, 24
13:31:21, 35
13:31:21, 51
13:31:21, 59
13:31:21, 57
13:31:21, 40
13:31:21, 21
13:31:21, 12
13:31:21, 17
13:31:21, 34
13:31:21, 37
13:31:21, 10
13:31:21, -22
13:31:21, -17
13:31:21, 32
13:31:21, 84
13:31:21, 100
13:31:21, 86
13:31:21, 57
13:31:21, 23
13:31:21, 0
13:31:21, 2
13:31:21, 1
13:31:21, -10
13:31:21, -26
13:31:21, -44
13:31:21, -55
13:31:21, -49
13:31:21, -39
13:31:21, -27
13:31:21, -9
13:31:21, 13
13:31:21, 41
13:31:21, 48
13:31:21, 39
13:31:21, 51
13:31:21, 77
13:31:21, 86
13:31:21, 60
13:31:21, 27
13:31:21, 4
13:31:21, 2
13:31:21, 7
13:31:21, -4
13:31:21, -5
13:31:21, 20
13:31:21, 37
13:31:21, 25
13:31:21, 11
13:31:21, 23
13:31:21, 44
13:31:21, 55
13:31:21, 51
13:31:21, 52
13:31:21, 54
13:31:21, 33
13:31:21, 12
13:31:21, 16
13:31:21, 27
13:31:21, 39
13:31:21, 48
13:31:21, 60
13:31:21, 57
13:31:21, 32
13:31:21, -2
13:31:21, -22
13:31:21, -13
13:31:21, 9
13:31:21, 28
13:31:21, 33
13:31:21, 35
13:31:21, 45
13:31:21, 56
13:31:21, 60
13:31:21, 52
13:31:21, 38
13:31:21, 35
13:31:21, 36
13:31:21, 23
13:31:21, -10
13:31:21, -33
13:31:21, -21
13:31:21, 2
13:31:21, 8
13:31:21, -4
13:31:21, -4
13:31:21, 11
13:31:21, 17
13:31:21, 11
13:31:21, 18
13:31:21, 27
13:31:21, 39
13:31:21, 58
13:31:21, 81
13:31:21, 92
13:31:21, 90
13:31:22, 75
13:31:22, 61
13:31:22, 42
13:31:22, 25
13:31:22, 12
13:31:22, -3
13:31:22, -23
13:31:22, -41
13:31:22, -59
13:31:22, -57
13:31:22, -21
13:31:22, 24
13:31:22, 51
13:31:22, 50
13:31:22, 37
13:31:22, 33
13:31:22, 35
13:31:22, 22
13:31:22, 13
13:31:22, 21
13:31:22, 18
13:31:22, 13
13:31:22, 26
13:31:22, 35
13:31:22, 28
13:31:22, 21
13:31:22, 13
13:31:22, 12
13:31:22, 20
13:31:22, 32
13:31:22, 40
13:31:22, 48
13:31:22, 44
13:31:22, 29
13:31:22, 20
13:31:22, 28
13:31:22, 42
13:31:22, 39
13:31:22, 24
13:31:22, 17
13:31:22, 20
13:31:22, 22
13:31:22, 11
13:31:22, -4
13:31:22, -4
13:31:22, 25
13:31:22, 56
13:31:22, 65
13:31:22, 66
13:31:22, 71
13:31:22, 60
13:31:22, 33
13:31:22, 21
13:31:22, 56
13:31:22, 90
13:31:22, 90
13:31:22, 67
13:31:22, 41
13:31:22, 52
13:31:22, 87
13:31:22, 106
13:31:22, 103
13:31:22, 81
13:31:22, 45
13:31:22, 4
13:31:22, -27
13:31:22, -37
13:31:22, -18
13:31:22, 11
13:31:22, 20
13:31:22, -2
13:31:22, -24
13:31:22, -17
13:31:22, 8
13:31:22, 19
13:31:22, 16
13:31:22, 4
13:31:22, -2
13:31:22, 7
13:31:22, 11
13:31:22, -1
13:31:22, -21
13:31:22, -37
13:31:22, -40
13:31:22, -13
13:31:22, 13
13:31:22, 21
13:31:22, 4
13:31:22, -8
13:31:22, -8
13:31:22, -1
13:31:22, 1
13:31:22, 2
13:31:22, 4
13:31:22, 8
13:31:22, 18
13:31:22, 37
13:31:22, 42
13:31:22, 38
13:31:22, 34
13:31:22, 19
13:31:22, 8
13:31:22, 7
13:31:22, 12
13:31:22, 29
13:31:22, 53
13:31:22, 59
13:31:22, 55
13:31:22, 51
13:31:22, 39
13:31:22, 20
13:31:22, 24
13:31:22, 66
13:31:22, 101
13:31:22, 100
13:31:22, 75
13:31:22, 50
13:31:22, 42
13:31:22, 55
13:31:22, 68
13:31:22, 55
13:31:22, 36
13:31:22, 25
13:31:22, 22
13:31:22, 22
13:31:22, 35
13:31:22, 51
13:31:22, 56
13:31:22, 53
13:31:22, 67
13:31:22, 92
13:31:22, 105
13:31:22, 100
13:31:22, 85
13:31:22, 75
13:31:22, 68
13:31:22, 54
13:31:22, 48
13:31:22, 40
13:31:22, 33
13:31:22, 33
13:31:22, 49
13:31:22, 71
13:31:22, 73
13:31:22, 57
13:31:22, 43
13:31:22, 44
13:31:22, 60
13:31:22, 81
13:31:22, 83
13:31:22, 64
13:31:22, 39
13:31:22, 18
13:31:22, 6
13:31:22, 17
13:31:22, 25
13:31:22, 33
13:31:22, 48
13:31:22, 59
13:31:22, 67
13:31:22, 72
13:31:22, 72
13:31:22, 61
13:31:22, 50
13:31:22, 38
13:31:22, 40
13:31:22, 41
13:31:22, 51
13:31:22, 77
13:31:22, 99
13:31:22, 86
13:31:22, 51
13:31:22, 34
13:31:22, 53
13:31:22, 51
13:31:22, -20
13:31:22, -85
13:31:22, -74
13:31:22, 4
13:31:22, 87
13:31:22, 102
13:31:22, 69
13:31:22, 57
13:31:22, 88
13:31:22, 136
13:31:22, 165
13:31:22, 156
13:31:22, 121
13:31:22, 92
13:31:22, 80
13:31:22, 67
13:31:22, 58
13:31:22, 55
13:31:22, 54
13:31:22, 43
13:31:22, 24
13:31:22, 3
13:31:22, 13
13:31:22, 52
13:31:22, 73
13:31:22, 68
13:31:22, 45
13:31:22, 36
13:31:22, 49
13:31:22, 64
13:31:22, 73
13:31:22, 73
13:31:22, 52
13:31:22, 11
13:31:22, -2
13:31:22, 5
13:31:22, 17
13:31:22, 37
13:31:22, 40
13:31:22, 40
13:31:22, 73
13:31:22, 99
13:31:22, 88
13:31:22, 75
13:31:22, 82
13:31:22, 73
13:31:22, 51
13:31:22, 28
13:31:22, -10
13:31:22, -49
13:31:22, -38
13:31:22, 22
13:31:22, 91
13:31:22, 139
13:31:22, 157
13:31:22, 161
13:31:22, 153
13:31:22, 162
13:31:22, 169
13:31:22, 153
13:31:22, 123
13:31:22, 118
13:31:22, 131
13:31:22, 120
13:31:22, 100
13:31:22, 97
13:31:22, 104
13:31:22, 107
13:31:22, 103
13:31:22, 86
13:31:22, 57
13:31:22, 27
13:31:22, 7
13:31:22, -11
13:31:22, -33
13:31:22, -30
13:31:22, 7
13:31:22, 48
13:31:22, 61
13:31:22, 58
13:31:22, 48
13:31:22, 52
13:31:22, 54
13:31:22, 42
13:31:22, 29
13:31:22, 10
13:31:22, -11
13:31:22, -13
13:31:22, 17
13:31:22, 58
13:31:22, 86
13:31:22, 87
13:31:22, 72
13:31:22, 49
13:31:22, 28
13:31:22, 7
13:31:22, 5
13:31:22, 11
13:31:22, 11
13:31:22, 8
13:31:22, 13
13:31:22, 27
13:31:22, 40
13:31:22, 38
13:31:22, 20
13:31:22, 7
13:31:22, 19
13:31:22, 49
13:31:22, 69
13:31:22, 70
13:31:22, 68
13:31:22, 67
13:31:22, 59
13:31:22, 60
13:31:22, 54
13:31:22, 39
13:31:22, 32
13:31:22, 24
13:31:22, 23
13:31:22, 28
13:31:22, 33
13:31:22, 42
13:31:22, 49
13:31:22, 35
13:31:22, 20
13:31:22, 20
13:31:22, 34
13:31:22, 50
13:31:22, 44
13:31:22, 29
13:31:22, 11
13:31:22, 19
13:31:22, 38
13:31:22, 39
13:31:22, 37
13:31:22, 41
13:31:22, 38
13:31:22, 24
13:31:22, 13
13:31:22, -4
13:31:22, -60
13:31:22, -125
13:31:22, -133
13:31:22, -54
13:31:22, 56
13:31:22, 115
13:31:22, 104
13:31:22, 80
13:31:22, 97
13:31:22, 139
13:31:22, 166
13:31:22, 162
13:31:22, 139
13:31:22, 119
13:31:22, 91
13:31:22, 58
13:31:22, 23
13:31:22, 6
13:31:22, 10
13:31:22, 17
13:31:22, 17
13:31:22, 6
13:31:22, -6
13:31:22, -8
13:31:22, -7
13:31:22, -4
13:31:22, 18
13:31:22, 41
13:31:22, 39
13:31:22, 33
13:31:22, 55
13:31:22, 82
13:31:22, 81
13:31:22, 57
13:31:22, 40
13:31:22, 27
13:31:22, 25
13:31:22, 26
13:31:22, 21
13:31:22, 9
13:31:22, 6
13:31:22, 5
13:31:22, -10
13:31:22, -21
13:31:22, -12
13:31:22, 6
13:31:22, 20
13:31:22, 24
13:31:22, 18
13:31:22, 2
13:31:22, -3
13:31:22, 8
13:31:22, 32
13:31:22, 43
13:31:22, 40
13:31:22, 26
13:31:22, 32
13:31:22, 52
13:31:22, 67
13:31:22, 72
13:31:22, 70
13:31:22, 75
13:31:22, 81
13:31:22, 68
13:31:22, 55
13:31:22, 61
13:31:22, 81
13:31:22, 86
13:31:22, 72
13:31:22, 59
13:31:22, 54
13:31:22, 54
13:31:22, 59
13:31:22, 65
13:31:22, 66
13:31:22, 65
13:31:22, 61
13:31:22, 65
13:31:22, 58
13:31:22, 51
13:31:22, 52
13:31:22, 56
13:31:22, 59
13:31:22, 58
13:31:22, 54
13:31:22, 55
13:31:22, 55
13:31:22, 51
13:31:22, 43
13:31:22, 35
13:31:22, 26
13:31:22, 36
13:31:22, 48
13:31:22, 44
13:31:22, 44
13:31:22, 58
13:31:22, 90
13:31:22, 115
13:31:22, 113
13:31:22, 96
13:31:22, 87
13:31:22, 97
13:31:22, 103
13:31:22, 104
13:31:22, 96
13:31:22, 70
13:31:22, 50
13:31:22, 52
13:31:22, 67
13:31:22, 76
13:31:22, 74
13:31:22, 73
13:31:22, 80
13:31:22, 89
13:31:22, 96
13:31:22, 83
13:31:22, 72
13:31:22, 87
13:31:22, 113
13:31:22, 116
13:31:22, 101
13:31:22, 82
13:31:22, 82
13:31:22, 90
13:31:22, 77
13:31:22, 42
13:31:22, 9
13:31:22, -3
13:31:22, -14
13:31:22, -29
13:31:22, -19
13:31:22, 17
13:31:22, 42
13:31:22, 45
13:31:22, 42
13:31:22, 44
13:31:22, 51
13:31:22, 69
13:31:22, 86
13:31:22, 97
13:31:22, 105
13:31:22, 117
13:31:22, 128
13:31:22, 124
13:31:22, 107
13:31:22, 98
13:31:22, 102
13:31:22, 120
13:31:22, 129
13:31:22, 114
13:31:22, 93
13:31:22, 88
13:31:22, 99
13:31:22, 102
13:31:22, 107
13:31:22, 121
13:31:22, 128
13:31:22, 108
13:31:22, 74
13:31:22, 57
13:31:22, 53
13:31:22, 49
13:31:22, 52
13:31:22, 48
13:31:22, 39
13:31:22, 41
13:31:22, 57
13:31:22, 65
13:31:22, 57
13:31:22, 53
13:31:22, 55
13:31:22, 50
13:31:22, 26
13:31:22, 5
13:31:22, 7
13:31:22, 39
13:31:22, 75
13:31:22, 101
13:31:22, 108
13:31:22, 105
13:31:22, 108
13:31:22, 120
13:31:22, 117
13:31:22, 89
13:31:22, 66
13:31:22, 45
13:31:22, 25
13:31:22, 7
13:31:22, -5
13:31:22, -5
13:31:22, 9
13:31:22, 39
13:31:22, 72
13:31:22, 104
13:31:22, 123
13:31:22, 122
13:31:22, 108
13:31:22, 101
13:31:22, 96
13:31:22, 87
13:31:22, 77
13:31:22, 74
13:31:22, 75
13:31:23, 68
13:31:23, 50
13:31:23, 28
13:31:23, 21
13:31:23, 19
13:31:23, 9
13:31:23, 7
13:31:23, 7
13:31:23, 10
13:31:23, 19
13:31:23, 21
13:31:23, 26
13:31:23, 42
13:31:23, 59
13:31:23, 77
13:31:23, 93
13:31:23, 83
13:31:23, 58
13:31:23, 44
13:31:23, 32
13:31:23, 11
13:31:23, 10
13:31:23, 28
13:31:23, 27
13:31:23, 5
13:31:23, -6
13:31:23, -2
13:31:23, 6
13:31:23, 8
13:31:23, 10
13:31:23, 25
13:31:23, 38
13:31:23, 48
13:31:23, 68
13:31:23, 69
13:31:23, 42
13:31:23, 3
13:31:23, -35
13:31:23, -42
13:31:23, -11
13:31:23, -13
13:31:23, -49
13:31:23, -30
13:31:23, 27
13:31:23, 87
13:31:23, 97
13:31:23, 64
13:31:23, 40
13:31:23, 54
13:31:23, 87
13:31:23, 103
13:31:23, 102
13:31:23, 74
13:31:23, 8
13:31:23, -51
13:31:23, -59
13:31:23, -2
13:31:23, 90
13:31:23, 160
13:31:23, 172
13:31:23, 146
13:31:23, 113
13:31:23, 117
13:31:23, 166
13:31:23, 232
13:31:23, 269
13:31:23, 244
13:31:23, 189
13:31:23, 193
13:31:23, 260
13:31:23, 341
13:31:23, 388
13:31:23, 393
13:31:23, 395
13:31:23, 417
13:31:23, 425
13:31:23, 416
13:31:23, 402
13:31:23, 365
13:31:23, 305
13:31:23, 237
13:31:23, 198
13:31:23, 192
13:31:23, 185
13:31:23, 166
13:31:23, 146
13:31:23, 147
13:31:23, 140
13:31:23, 118
13:31:23, 108
13:31:23, 118
13:31:23, 114
13:31:23, 86
13:31:23, 60
13:31:23, 29
13:31:23, 16
13:31:23, 22
13:31:23, 19
13:31:23, -4
13:31:23, -10
13:31:23, 12
13:31:23, 28
13:31:23, 7
13:31:23, -27
13:31:23, -68
13:31:23, -103
13:31:23, -77
13:31:23, 44
13:31:23, 167
13:31:23, 182
13:31:23, 129
13:31:23, 89
13:31:23, 93
13:31:23, 155
13:31:23, 224
13:31:23, 234
13:31:23, 183
13:31:23, 70
13:31:23, -12
13:31:23, 17
13:31:23, 102
13:31:23, 133
13:31:23, 97
13:31:23, 75
13:31:23, 165
13:31:23, 315
13:31:23, 386
13:31:23, 332
13:31:23, 218
13:31:23, 108
13:31:23, 100
13:31:23, 195
13:31:23, 259
13:31:23, 218
13:31:23, 134
13:31:23, 85
13:31:23, 80
13:31:23, 89
13:31:23, 100
13:31:23, 76
13:31:23, 48
13:31:23, 24
13:31:23, -8
13:31:23, -61
13:31:23, -119
13:31:23, -152
13:31:23, -165
13:31:23, -170
13:31:23, -179
13:31:23, -177
13:31:23, -173
13:31:23, -200
13:31:23, -249
13:31:23, -290
13:31:23, -300
13:31:23, -294
13:31:23, -294
13:31:23, -322
13:31:23, -334
13:31:23, -313
13:31:23, -267
13:31:23, -229
13:31:23, -217
13:31:23, -234
13:31:23, -253
13:31:23, -261
13:31:23, -263
13:31:23, -248
13:31:23, -235
13:31:23, -242
13:31:23, -254
13:31:23, -265
13:31:23, -280
13:31:23, -305
13:31:23, -317
13:31:23, -306
13:31:23, -275
13:31:23, -230
13:31:23, -189
13:31:23, -165
13:31:23, -161
13:31:23, -180
13:31:23, -200
13:31:23, -197
13:31:23, -179
13:31:23, -163
13:31:23, -147
13:31:23, -146
13:31:23, -161
13:31:23, -171
13:31:23, -165
13:31:23, -140
13:31:23, -122
13:31:23, -116
13:31:23, -117
13:31:23, -115
13:31:23, -109
13:31:23, -105
13:31:23, -97
13:31:23, -93
13:31:23, -92
13:31:23, -88
13:31:23, -75
13:31:23, -68
13:31:23, -59
13:31:23, -35
13:31:23, -5
13:31:23, -4
13:31:23, -33
13:31:23, -60
13:31:23, -55
13:31:23, -27
13:31:23, -8
13:31:23, -20
13:31:23, -54
13:31:23, -60
13:31:23, -37
13:31:23, -10
13:31:23, -5
13:31:23, 2
13:31:23, 11
13:31:23, 5
13:31:23, 3
13:31:23, 12
13:31:23, 29
13:31:23, 52
13:31:23, 81
13:31:23, 67
13:31:23, 8
13:31:23, -26
13:31:23, -25
13:31:23, -10
13:31:23, 9
13:31:23, 4
13:31:23, -26
13:31:23, -75
13:31:23, -124
13:31:23, -89
13:31:23, 6
13:31:23, 65
13:31:23, 75
13:31:23, 88
13:31:23, 112
13:31:23, 136
13:31:23, 140
13:31:23, 119
13:31:23, 100
13:31:23, 98
13:31:23, 97
13:31:23, 82
13:31:23, 27
13:31:23, -69
13:31:23, -119
13:31:23, -71
13:31:23, 11
13:31:23, 72
13:31:23, 100
13:31:23, 123
13:31:23, 150
13:31:23, 151
13:31:23, 107
13:31:23, 57
13:31:23, 57
13:31:23, 85
13:31:23, 102
13:31:23, 114
13:31:23, 115
13:31:23, 89
13:31:23, 59
13:31:23, 60
13:31:23, 98
13:31:23, 139
13:31:23, 149
13:31:23, 113
13:31:23, 69
13:31:23, 54
13:31:23, 53
13:31:23, 50
13:31:23, 50
13:31:23, 60
13:31:23, 60
13:31:23, 34
13:31:23, 24
13:31:23, 50
13:31:23, 64
13:31:23, 64
13:31:23, 50
13:31:23, 25
13:31:23, -3
13:31:23, -25
13:31:23, -18
13:31:23, 24
13:31:23, 67
13:31:23, 112
13:31:23, 148
13:31:23, 182
13:31:23, 193
13:31:23, 173
13:31:23, 148
13:31:23, 134
13:31:23, 131
13:31:23, 138
13:31:23, 146
13:31:23, 136
13:31:23, 119
13:31:23, 88
13:31:23, 49
13:31:23, 27
13:31:23, 37
13:31:23, 66
13:31:23, 98
13:31:23, 118
13:31:23, 114
13:31:23, 77
13:31:23, 35
13:31:23, 8
13:31:23, 11
13:31:23, 42
13:31:23, 53
13:31:23, 41
13:31:23, 44
13:31:23, 51
13:31:23, 49
13:31:23, 40
13:31:23, 38
13:31:23, 37
13:31:23, 20
13:31:23, 13
13:31:23, 33
13:31:23, 43
13:31:23, 54
13:31:23, 58
13:31:23, 53
13:31:23, 44
13:31:23, 52
13:31:23, 92
13:31:23, 166
13:31:23, 229
13:31:23, 245
13:31:23, 204
13:31:23, 141
13:31:23, 100
13:31:23, 89
13:31:23, 91
13:31:23, 83
13:31:23, 57
13:31:23, 21
13:31:23, 0
13:31:23, -13
13:31:23, -22
13:31:23, -19
13:31:23, -8
13:31:23, 13
13:31:23, 41
13:31:23, 75
13:31:23, 99
13:31:23, 103
13:31:23, 89
13:31:23, 58
13:31:23, 42
13:31:23, 51
13:31:23, 83
13:31:23, 114
13:31:23, 118
13:31:23, 90
13:31:23, 44
13:31:23, 10
13:31:23, -10
13:31:23, -10
13:31:23, 18
13:31:23, 34
13:31:23, 27
13:31:23, 13
13:31:23, -19
13:31:23, -81
13:31:23, -114
13:31:23, -82
13:31:23, -17
13:31:23, 29
13:31:23, 68
13:31:23, 99
13:31:23, 106
13:31:23, 106
13:31:23, 116
13:31:23, 122
13:31:23, 108
13:31:23, 73
13:31:23, 43
13:31:23, 53
13:31:23, 64
13:31:23, 50
13:31:23, 21
13:31:23, 5
13:31:23, 7
13:31:23, 35
13:31:23, 73
13:31:23, 86
13:31:23, 76
13:31:23, 70
13:31:23, 60
13:31:23, 34
13:31:23, -4
13:31:23, -29
13:31:23, -28
13:31:23, -1
13:31:23, 22
13:31:23, -3
13:31:23, -50
13:31:23, -52
13:31:23, 0
13:31:23, 60
13:31:23, 86
13:31:23, 85
13:31:23, 89
13:31:23, 103
13:31:23, 114
13:31:23, 113
13:31:23, 105
13:31:23, 99
13:31:23, 83
13:31:23, 41
13:31:23, -13
13:31:23, -34
13:31:23, 0
13:31:23, 34
13:31:23, 17
13:31:23, -17
13:31:23, -26
13:31:23, -5
13:31:23, 22
13:31:23, 28
13:31:23, 36
13:31:23, 51
13:31:23, 42
13:31:23, 33
13:31:23, 33
13:31:23, 44
13:31:23, 38
13:31:23, 6
13:31:23, 1
13:31:23, 26
13:31:23, 43
13:31:23, 41
13:31:23, 45
13:31:23, 68
13:31:23, 98
13:31:23, 113
13:31:23, 114
13:31:23, 117
13:31:23, 108
13:31:23, 82
13:31:23, 44
13:31:23, 19
13:31:23, 16
13:31:23, 17
13:31:23, 16
13:31:23, 17
13:31:23, 24
13:31:23, 38
13:31:23, 50
13:31:23, 45
13:31:23, 51
13:31:23, 57
13:31:23, 59
13:31:23, 53
13:31:23, 40
13:31:23, 33
13:31:23, 19
13:31:23, -12
13:31:23, -34
13:31:23, -30
13:31:23, -44
13:31:23, -71
13:31:23, -52
13:31:23, 7
13:31:23, 29
13:31:23, 0
13:31:23, -27
13:31:23, -39
13:31:23, -34
13:31:23, -25
13:31:23, -35
13:31:23, -57
13:31:23, -94
13:31:23, -133
13:31:23, -155
13:31:23, -152
13:31:23, -117
13:31:23, -83
13:31:23, -87
13:31:23, -110
13:31:23, -124
13:31:23, -116
13:31:23, -98
13:31:23, -87
13:31:23, -97
13:31:23, -115
13:31:23, -119
13:31:23, -104
13:31:23, -82
13:31:23, -66
13:31:23, -54
13:31:23, -50
13:31:23, -54
13:31:23, -50
13:31:23, -26
13:31:23, -1
13:31:23, 16
13:31:23, 11
13:31:23, 9
13:31:23, 32
13:31:24, 51
13:31:24, 44
13:31:24, 26
13:31:24, 16
13:31:24, 23
13:31:24, 32
13:31:24, 18
13:31:24, -5
13:31:24, -1
13:31:24, 39
13:31:24, 84
13:31:24, 90
13:31:24, 83
13:31:24, 76
13:31:24, 82
13:31:24, 87
13:31:24, 89
13:31:24, 100
13:31:24, 113
13:31:24, 117
13:31:24, 117
13:31:24, 101
13:31:24, 88
13:31:24, 84
13:31:24, 92
13:31:24, 100
13:31:24, 81
13:31:24, 70
13:31:24, 77
13:31:24, 92
13:31:24, 119
13:31:24, 128
13:31:24, 98
13:31:24, 61
13:31:24, 69
13:31:24, 123
13:31:24, 182
13:31:24, 186
13:31:24, 130
13:31:24, 76
13:31:24, 80
13:31:24, 100
13:31:24, 102
13:31:24, 116
13:31:24, 137
13:31:24, 139
13:31:24, 121
13:31:24, 120
13:31:24, 129
13:31:24, 122
13:31:24, 99
13:31:24, 60
13:31:24, 40
13:31:24, 42
13:31:24, 55
13:31:24, 75
13:31:24, 97
13:31:24, 102
13:31:24, 101
13:31:24, 102
13:31:24, 97
13:31:24, 88
13:31:24, 84
13:31:24, 72
